"lm.model","lm.AIC","lm.p_value","lm.std_err","lm.t_value","lm.estimate","anova.model","anova.p_value","anova.estimate","anova.std_err","tweedie.model","tweedie.AIC","tweedie.p_value","tweedie.std_err","tweedie.t_value","tweedie.estimate","tweedie.link.power","tweedie.var.power","quantile_regression.model","quantile_regression.AIC","quantile_regression.p_value","quantile_regression.estimate","quantile_regression.lower_bound","quantile_regression.upper_bound","quantile_regression.std_err","wilcoxon.model","wilcoxon.p_value"
"lm",2783.11741504615,0.0331532218370196,35.6186248011045,2.14521943354364,76.4097661194289,"anova",0.00835113897379424,0.346178756636643,0.12993322181997,"tweedie",4041.98009990499,0.0349241793443896,0.095937720672648,2.1238452870145,0.203756875897517,0,1.5,"quantile_regression",2805.44218891836,0.0187541964764635,111.310966397775,39.6015943411268,164.625432044361,46.9687084544349,"wilcoxon",0.0202091944645886
"lm",2807.35296799806,0.0151504658145493,37.8434363239088,2.45009468954316,92.7200023712738,"anova",0.0107122881573674,0.330294345857886,0.128201392787486,"tweedie",4181.278889019,0.0161706403654044,0.0930107406818251,2.42581169813279,0.225626542797967,0,1.5,"quantile_regression",2860.33077927134,0.0570797928337639,140.419386848093,29.2810697244172,278.257087611976,73.3696037771786,"wilcoxon",0.0164764876074447
"lm",2808.23371006192,0.0315080543792912,37.9268538924378,2.16597656889566,82.1486768629493,"anova",0.00769960740769316,0.35243758475956,0.130896454801516,"tweedie",4164.1497797523,0.0327832596483609,0.0919813064741701,2.14980847972666,0.197742192634507,0,1.5,"quantile_regression",2866.06677455014,0.390438118466448,66.788011965623,-19.1272207642658,209.505376519738,77.5963008895974,"wilcoxon",0.0166976085925641
"lm",2794.02150192216,0.598198058523132,36.6029517774867,0.527844848928633,19.3206795513295,"anova",0.211279267660358,0.162735767788665,0.129761579159002,"tweedie",4116.84904468006,0.598915086968359,0.0943467983601628,0.526810206824839,0.0497028563573787,0,1.5,"quantile_regression",2832.03812060515,0.760996536004522,17.21850780413,-74.0031169911016,104.495231337078,56.5296748461214,"wilcoxon",0.427847919178816
"lm",2783.30165279481,0.0172357904236161,35.6350343179899,2.40186511684428,85.5905458659288,"anova",0.00670652208478152,0.346741349297203,0.126550607909427,"tweedie",3955.31852262393,0.018237582167977,0.0874907977028254,2.38050815232549,0.208272557185036,0,1.5,"quantile_regression",2832.50227626324,0.149391794942461,93.04363423536,8.15770283468462,189.968034551955,64.2873301146642,"wilcoxon",0.0123910151091509
"lm",2805.69493967715,0.0453662119098092,37.6868972578342,2.01396833506221,75.9002177240209,"anova",0.0635770149346083,0.216289051166468,0.115935621119101,"tweedie",3962.33304958641,0.0464426927461392,0.086640624593353,2.00390946231996,0.173619967443932,0,1.5,"quantile_regression",2858.89251010071,0.0279654298539489,149.288786196332,-2.65951779306634,238.132179413668,67.427456961242,"wilcoxon",0.0419393720815036
"lm",2811.32144611744,2.32704731549029e-05,38.2207570879658,4.33408299922918,165.651933512621,"anova",2.86348130129694e-07,0.684591646421922,0.128808312720177,"tweedie",4246.41373919417,5.52224030953689e-05,0.0958261024206094,4.12194660851131,0.394990077879489,0,1.5,"quantile_regression",2853.60678124375,6.65297761770489e-06,298.168545488407,194.257582638697,408.084574740589,64.4201896912385,"wilcoxon",1.24245953542926e-05
"lm",2785.12723203785,0.0314882029922654,35.798042462837,2.16623269696787,77.5468900704416,"anova",0.0271368179915819,0.253674905942669,0.113956271911286,"tweedie",3910.98188670726,0.0327699035011327,0.0893353655102983,2.14997498457409,0.192068801084924,0,1.5,"quantile_regression",2823.88030952813,0.126097097420829,90.46325741748,33.0120973350208,182.874975095648,58.8894545973915,"wilcoxon",0.0217008311780176
"lm",2818.26383859851,0.0589359063664603,38.8899058994056,1.89962454220409,73.8762196905185,"anova",0.046718760364849,0.265067342420459,0.132443495504217,"tweedie",4317.23265186362,0.0612351265505588,0.100522092226392,1.88249775399359,0.189232612842919,0,1.5,"quantile_regression",2853.45579029398,0.039866324030168,133.099925180296,75.2553183759469,197.35355477728,64.3376043281637,"wilcoxon",0.036589136309598
"lm",2799.79880969404,0.00357184812446967,37.135454354029,2.9489906461115,109.512107529132,"anova",0.000620171913166251,0.431278723673711,0.123988138219838,"tweedie",4071.78458376402,0.00419296671678283,0.0894323239780997,2.89688202735091,0.259074891996381,0,1.5,"quantile_regression",2846.98136310773,0.00609479137772495,172.324036530136,85.7024724650862,290.634151368588,62.1559314682042,"wilcoxon",0.00283949810811241
"lm",2784.84730209409,0.351365449625282,35.7729988668909,0.93414783773567,33.4172695408267,"anova",0.16758227765506,0.160681201422089,0.116007436692227,"tweedie",3917.78987445779,0.352547383881555,0.0844612635472867,0.931852934723089,0.0787054763069593,0,1.5,"quantile_regression",2836.49437273796,0.974470295933509,2.06649734781001,-76.5278956989738,110.10611072034,64.492037275297,"wilcoxon",0.32298087183735
"lm",2772.10334246843,1.64448037577106e-06,34.651239194279,4.94179709671238,171.239393247774,"anova",1.5369264074343e-06,0.615188206091801,0.124115040490237,"tweedie",3896.70207354936,3.98481934962552e-06,0.0887056034805265,4.74512599857592,0.420919265294813,0,1.5,"quantile_regression",2800.65439432028,2.1737096722596e-07,257.11756659935,181.013491922909,346.611835008428,47.8628894121819,"wilcoxon",1.51073054704779e-06
"lm",2824.64162142043,0.00151923697828492,39.5149541192444,3.21581533953782,127.072795597799,"anova",0.000190980759671266,0.495188922422882,0.130240023589858,"tweedie",4338.76472678654,0.00192009722192008,0.0986866219745151,3.14445335306609,0.310315479370529,0,1.5,"quantile_regression",2870.09052029502,0.0051164700188524,200.00275695213,120.604642394242,302.470834492118,70.643022853298,"wilcoxon",0.000518844805507047
"lm",2794.24882845379,0.130134029821972,36.6237597448671,1.51988932280807,55.6640613973113,"anova",0.0280598403109169,0.304584402561377,0.137651777220507,"tweedie",4223.19734514353,0.131995486136455,0.10061459564055,1.51252239688619,0.152181829359979,0,1.5,"quantile_regression",2829.23063499092,0.467930801574155,41.621445704549,-28.7158726993132,137.51046182231,57.2311435160243,"wilcoxon",0.109234926943509
"lm",2820.44638873392,0.00427127097586058,39.1026837929953,2.89082230127416,113.038910348462,"anova",0.0071254994939033,0.351682662833031,0.129333333509627,"tweedie",4171.80611089258,0.00460915690931572,0.0954629612801767,2.86578605395957,0.273576423106413,0,1.5,"quantile_regression",2867.84720421948,0.100822309363557,122.688361392875,58.9441591099941,277.367144290106,74.42124935985,"wilcoxon",0.00290828373140147
"lm",2799.76485622647,0.192492089682181,37.1323022941971,1.30769797699241,48.5578365911924,"anova",0.0895005366183436,0.219019251600386,0.128351258327929,"tweedie",4156.54155137272,0.194759271237321,0.0933773788606669,1.30103265330398,0.121487018977664,0,1.5,"quantile_regression",2848.72943843476,0.224115235530373,74.580069394969,-35.5476243110233,185.848852196067,61.1576019460238,"wilcoxon",0.140982588616749
"lm",2797.24355751754,0.00421135310153026,36.8989843324519,2.89544992728873,106.839161502426,"anova",0.00824517609150547,0.343421230843694,0.128683312383422,"tweedie",4078.08218927035,0.00457471424277044,0.0915945727240147,2.86826001721476,0.262717050738161,0,1.5,"quantile_regression",2839.7252734882,0.00565041324883508,179.110029073529,118.523797725141,262.886780586984,64.0142268834997,"wilcoxon",0.00460976044843119
"lm",2787.27110674233,0.175558729968405,35.9904238485519,1.35942318335438,48.9262165584718,"anova",0.0361637544464461,0.256113809453209,0.121413589243076,"tweedie",3931.11462503336,0.178837262227426,0.0879134016061917,1.34912605587399,0.118606260767427,0,1.5,"quantile_regression",2819.93794116604,0.0816396219590794,94.842887743126,15.3002002861026,185.329656082821,54.1909644099658,"wilcoxon",0.0915725853797947
"lm",2787.75654743431,0.00205169019860574,36.0341284037941,3.12402643419724,112.57156966671,"anova",0.000396162973237244,0.426518961558785,0.118340047768868,"tweedie",3966.32693903781,0.0025262826224011,0.0937402403960063,3.05922962292138,0.286772920279234,0,1.5,"quantile_regression",2825.95551502202,0.00818276176700028,159.81836025756,112.950703152075,276.932593732989,59.8262153315331,"wilcoxon",0.000627310873570266
"lm",2784.30125810256,0.0297445583004528,35.724198105947,2.18929405650866,78.2107745868877,"anova",0.00321859099168797,0.35954479470853,0.120552897085867,"tweedie",4007.28497400232,0.0323092258361948,0.0974817885178789,2.15575419628345,0.210146774658633,0,1.5,"quantile_regression",2817.83208504886,0.0244569527590817,137.971808460246,45.7028237085092,214.460609014211,60.8550107410825,"wilcoxon",0.0048624805116522
"lm",2790.25537234827,0.0112454501663262,36.2599404448839,2.55895839740817,92.7876790909559,"anova",0.0332656579641763,0.250272442017941,0.116740614486547,"tweedie",3931.3503973758,0.0117805574468176,0.0909714681165444,2.54220980012593,0.231268557777723,0,1.5,"quantile_regression",2816.710105331,0.00285640455070868,143.88988584529,83.8920823905849,203.650405976653,47.6379424741891,"wilcoxon",0.00651411864763852
"lm",2769.23746792044,0.00472954746572854,34.4038611842645,2.8572691132542,98.301089938484,"anova",0.000144258977032937,0.452318567271162,0.116691848765228,"tweedie",3899.54882841303,0.00583324603479611,0.0957176799009717,2.78725695569854,0.26678976908731,0,1.5,"quantile_regression",2790.82000409375,0.0317716838218667,98.416146788296,62.4212379872213,204.194267779098,45.5084985675885,"wilcoxon",0.000528367155131729
"lm",2807.74105285168,0.040914970415316,37.8801703020193,2.05784640152076,77.951572145004,"anova",0.00883893878942617,0.324067661014545,0.122547135249093,"tweedie",4063.55036145664,0.042715469807794,0.0894870265774194,2.03963053315252,0.182520471728336,0,1.5,"quantile_regression",2854.98482835307,0.163010973337504,90.958101778294,-4.9979060686009,179.534748304485,64.9596317068743,"wilcoxon",0.0277876244001023
"lm",2814.26892086678,0.00279046386462108,38.5034340790721,3.02788555834775,116.583991994817,"anova",0.000260789598907221,0.467423813208032,0.125699196328835,"tweedie",4188.35686446186,0.00347846830301198,0.0952077895278416,2.95753326190782,0.281580204321311,0,1.5,"quantile_regression",2854.99394075575,0.00315696651782948,192.294799868691,102.571909766101,292.441265731412,64.3417456194123,"wilcoxon",0.000863604491992663
"lm",2805.49534993433,0.173722261240189,37.668097153281,1.36525438724082,51.4265348975302,"anova",0.01213223349595,0.314283844742984,0.124145871004602,"tweedie",4168.29256413371,0.178303002258362,0.0976851433142579,1.35079433160082,0.131952537870513,0,1.5,"quantile_regression",2842.58330139153,0.121370951437393,109.123223019,25.387652987996,174.389399183627,70.1431012815675,"wilcoxon",0.0531202220055867
"lm",2805.29621578552,0.00013136505809261,37.6493493091779,3.90065554490808,146.857143145026,"anova",0.000438366353180415,0.462772444167656,0.129408340958451,"tweedie",4120.30833901973,0.000156425411755757,0.091449231309034,3.85491868094663,0.352529350131404,0,1.5,"quantile_regression",2853.35519841138,0.0107321551970545,165.725385153117,104.697656094371,319.932759225993,64.3416734194941,"wilcoxon",0.000133322677905865
"lm",2808.40617720834,0.000964173085392662,37.9432102590128,3.35103532660306,127.14903798268,"anova",2.10800302975411e-05,0.575315900912921,0.132018037406025,"tweedie",4295.71638208138,0.00139422118342536,0.0994774052149082,3.24168262647134,0.322474176211618,0,1.5,"quantile_regression",2854.13035648908,0.000289550070099232,244.764839317,123.414689625925,373.574174224637,66.3280149192174,"wilcoxon",0.000278476004353804
"lm",2821.08323944415,0.0341714603120075,39.1649898092362,2.13281328681905,83.5316106432717,"anova",0.00150750652239906,0.395482786888714,0.122891087854895,"tweedie",4199.187680612,0.0365796239038632,0.0998214615965179,2.10469256868186,0.210093488417152,0,1.5,"quantile_regression",2853.26108387334,0.0952524857931047,109.309996819627,17.0114340338292,168.070504169787,65.2080629749155,"wilcoxon",0.0101210246548338
"lm",2791.4390282648,0.388144742415726,36.3673975894284,0.86489195364315,31.453869550038,"anova",0.124701254696851,0.186052475125041,0.120666575112589,"tweedie",3965.092846499,0.390513725491014,0.0879889146099321,0.860573716626082,0.0757209472677642,0,1.5,"quantile_regression",2832.57744044641,0.702179197064771,21.751821820748,-60.7215789113535,137.0573779227,56.8029994376636,"wilcoxon",0.279608343680923
"lm",2787.56944690429,4.2197891908168e-05,36.0172773338487,4.18883734765008,150.870516456696,"anova",4.40614836620787e-05,0.517033003088321,0.123747018598081,"tweedie",4037.09436179757,6.20867292159685e-05,0.094673779596808,4.09255665001036,0.387457806270531,0,1.5,"quantile_regression",2819.38642293388,0.000108743335019978,233.279774757481,140.088892746452,299.557508589307,59.0625172306653,"wilcoxon",4.47111114091144e-05
"lm",2820.03491493335,0.22730938785495,39.0624801501914,1.21107706512151,47.3076738166612,"anova",0.264835079910442,0.13948975531762,0.124744552602676,"tweedie",4242.48278189191,0.227982115683287,0.0952217762601519,1.20931951792874,0.115153552563246,0,1.5,"quantile_regression",2875.49796500458,0.414449021963504,64.363976252252,-15.9558721161811,228.741555399936,78.7028971880095,"wilcoxon",0.265724046586249
"lm",2799.66503024877,0.0662169004776895,37.1230365294987,1.84715428902185,68.5719761469786,"anova",0.0286937802745065,0.265352247230691,0.120408678743381,"tweedie",3958.04037851476,0.0671867099750717,0.0876884295595459,1.84053255852079,0.161393409609901,0,1.5,"quantile_regression",2840.39451208077,0.0886647432760235,99.987330077723,2.91429565621321,174.134923072075,58.4411853217783,"wilcoxon",0.062794942043469
"lm",2800.96366865173,0.327795186157802,37.2437558891377,0.980989225878554,36.535723258495,"anova",0.711766666239239,0.0452007600598629,0.122159207869646,"tweedie",4041.28471933818,0.326436138267394,0.089270150946572,0.983755842743572,0.0878200325762908,0,1.5,"quantile_regression",2847.11486165977,0.892197221125258,9.20928907202301,-61.1425293974241,79.8365427506315,67.8656411648905,"wilcoxon",0.417949707211493
"lm",2801.46209337027,0.0213451241682016,37.2901928361483,2.32026919773967,86.5232858154875,"anova",0.016169530826782,0.302665231022827,0.124767321907933,"tweedie",4121.49374963788,0.0217872554672048,0.097291857323898,2.3123349534301,0.224971362374184,0,1.5,"quantile_regression",2837.71815469504,0.0990061695945739,97.901105975339,0.5505829164851,179.964936884025,59.0662613586472,"wilcoxon",0.0206068597990695
"lm",2792.75053879653,0.540276250034779,36.4868338471926,0.613460086651876,22.3832162535514,"anova",0.846951968457875,0.0220661721656442,0.114177561084461,"tweedie",3946.69193738336,0.539749038613425,0.0907179678291734,0.61425946883686,0.0557243707327074,0,1.5,"quantile_regression",2834.26320441486,0.96254384861089,2.77664064257704,-60.9314702302341,97.7482674718897,59.0510218048399,"wilcoxon",0.643348458724508
"lm",2799.90716188254,0.938347721647921,37.1455149859579,0.0774450317270197,2.876735586604,"anova",0.482589714106228,0.0918756075741075,0.130603575439594,"tweedie",4114.67426091806,0.938362150507441,0.0905198846016508,0.0774268703432739,0.00700867136854013,0,1.5,"quantile_regression",2844.26579121511,0.989432405478287,0.909687721533032,-44.4899352491494,76.4666471200638,68.5954184740118,"wilcoxon",0.746128049510883
"lm",2817.00824960795,0.176688835139821,38.7680229488679,1.35585759959201,52.5639185363801,"anova",0.114829984147773,0.190516499734961,0.120289034001773,"tweedie",4082.77802970901,0.178147569284474,0.0889987695996046,1.35128038900102,0.120262292005166,0,1.5,"quantile_regression",2869.42553362457,0.242260538539593,90.825565345213,-10.5143307400482,197.840979559524,77.439309955227,"wilcoxon",0.136422726301084
"lm",2819.28069456599,0.0080595593011642,38.9888952507074,2.67665182137611,104.359697486248,"anova",0.0153877748866056,0.330091350421551,0.135044273963096,"tweedie",4280.39717282113,0.00858974137210205,0.0964256421302472,2.65444615493342,0.25595667498962,0,1.5,"quantile_regression",2857.95028198398,0.0265963190552458,138.289014491368,53.2854418167001,260.864532812987,61.8998284012,"wilcoxon",0.00853075071636079
"lm",2797.37242860152,0.000614564094963784,36.9108742779579,3.48097092648224,128.485680232613,"anova",0.00056959718176065,0.442055825948022,0.126210476595871,"tweedie",4106.92570280306,0.000767214252207175,0.0957287596465634,3.41743492075283,0.32714680613652,0,1.5,"quantile_regression",2835.08738648005,0.00248025622284853,173.83403122708,87.2352028586048,272.790015170769,56.7158825756319,"wilcoxon",0.000408760785394689
"lm",2771.49953908984,0.00519721343282314,34.5989723146074,2.82595725403244,97.7752167945324,"anova",0.00271735833634074,0.40210189868425,0.132432587011026,"tweedie",4001.7964474357,0.00586779814464113,0.0937245178308354,2.78526630997971,0.261047741933319,0,1.5,"quantile_regression",2808.46758594159,0.00725151577476479,150.068850774873,59.0099391363976,234.697923045909,55.3112228009973,"wilcoxon",0.00309921242563942
"lm",2799.78911248559,0.0312591914157725,37.134554089337,2.16919760469699,80.5521857820807,"anova",0.0235439275421826,0.271413464563262,0.118929205380298,"tweedie",4033.89810648013,0.0320424775071378,0.0937024705933846,2.15913315874617,0.202316111314614,0,1.5,"quantile_regression",2831.8936735802,0.0299269877653556,115.209757871992,36.2184706124465,185.42362275187,52.6835206244484,"wilcoxon",0.025612600334684
"lm",2812.13924941208,0.762500033597768,38.298979676757,0.302616208125276,11.5898920048472,"anova",0.64355767478879,0.0594203349069984,0.128215670628849,"tweedie",4195.25375119811,0.762531695263151,0.0951100728769039,0.302574605502821,0.0287778927800737,0,1.5,"quantile_regression",2859.0628584141,0.550198462297445,36.604788825657,-93.9016517753093,144.977001600496,61.1621203129214,"wilcoxon",0.700360592549062
"lm",2811.75024842046,0.000144834840969757,38.2617519290493,3.87513559410567,148.2694767931,"anova",0.00342739773339654,0.41857508281719,0.14130096007984,"tweedie",4249.28275001527,0.000163300248374139,0.0963503501235788,3.84358856188673,0.370331103668769,0,1.5,"quantile_regression",2852.32605946974,0.00627264051255505,178.883658860542,126.052847542923,305.958856884148,64.7495154112781,"wilcoxon",0.000151575165593945
"lm",2778.13819733094,0.000348881699785276,35.1779907877706,3.63924747527089,128.021414159497,"anova",1.7588293600755e-05,0.544962655940677,0.123822410638316,"tweedie",4007.4902660696,0.000518625487247795,0.0930314410895719,3.52898757446677,0.328306799639837,0,1.5,"quantile_regression",2816.67662432139,0.000166582957916273,216.209598965687,122.224191226826,277.495928893788,56.3289758984795,"wilcoxon",0.000130705590274512
"lm",2776.94813314337,1.85310581453594e-05,35.0734861563128,4.38870960352715,153.927345523386,"anova",0.000100649633745398,0.529031491515854,0.133268967008361,"tweedie",3992.42141037981,3.22107013962477e-05,0.0897497854159718,4.25520146817573,0.3819034186705,0,1.5,"quantile_regression",2818.75436707103,0.000542700923134243,211.331353011568,109.619910917723,317.486040428105,60.1022032680714,"wilcoxon",1.22863105104469e-05
"lm",2822.13005526108,0.00425974027806962,39.267620371786,2.89170822017725,113.550500615893,"anova",0.00158237604279805,0.474331278823574,0.148066869090454,"tweedie",4463.47389560017,0.00503321460975234,0.10216925456896,2.83663409868323,0.28981679134736,0,1.5,"quantile_regression",2875.00356685524,0.0306365348266395,159.909943934616,29.7451003075875,306.847098026994,73.4422973683647,"wilcoxon",0.00166986165706512
"lm",2789.01448960074,0.0197283913241285,36.1476289054579,2.35056740403664,84.9674382383818,"anova",0.0151202090668854,0.30766938482513,0.125536464498578,"tweedie",4032.50358982483,0.0211566702740731,0.089222135658832,2.32369498998124,0.207325029625855,0,1.5,"quantile_regression",2832.33266114416,0.0441580710251421,123.657022059241,49.7823645971642,218.179753781878,61.0500671387757,"wilcoxon",0.0159349020176024
"lm",2805.44141520573,0.00630765821617096,37.6630184491947,2.76081359766662,103.980573463706,"anova",0.00362550730843243,0.401767417224618,0.136461847964197,"tweedie",4298.96584357467,0.00699830636210484,0.0981023062036984,2.7253746534306,0.267365538770647,0,1.5,"quantile_regression",2848.96946744386,0.00347688167845472,173.072162492287,44.4700393838087,286.388327062486,58.5161848805189,"wilcoxon",0.00497457563164624
"lm",2787.96872755775,0.000378814165276424,36.05324778882,3.61656595948044,130.38894868176,"anova",0.000261787995054725,0.472903615413798,0.127208171107876,"tweedie",4051.61712087764,0.000449174229778775,0.0937902564638528,3.56927317894298,0.334763046842613,0,1.5,"quantile_regression",2817.54713284652,0.000182599614975354,191.319680896082,105.022705863204,228.346955303953,50.1618980814513,"wilcoxon",0.000329968297559611
"lm",2802.55038996523,4.47709312349822e-06,37.3917879552279,4.71880542765879,176.444571952996,"anova",6.49293064501438e-07,0.641664686783797,0.124777533798564,"tweedie",4076.63899910819,8.38491037980483e-06,0.0911809484505804,4.57514436093292,0.417166002128188,0,1.5,"quantile_regression",2846.63604515372,0.00054700870967439,217.732313162289,144.995894853225,336.890936789298,61.9619511736274,"wilcoxon",3.89733855091844e-06
"lm",2798.48276541092,0.00887046924982032,37.0134753702343,2.64318397026476,97.8334247823929,"anova",0.000679955952121637,0.431281852562602,0.1249323268827,"tweedie",4012.4566740677,0.0100566296097459,0.0866927977778887,2.59888175416984,0.225304330362891,0,1.5,"quantile_regression",2849.0204770651,0.0330453711422292,142.260819683263,-8.88578642823888,244.8868539971,66.2740884119972,"wilcoxon",0.00447074832705252
"lm",2807.87037890412,0.0165922385315494,37.8924195143175,2.41617112306262,91.5545698134683,"anova",0.0169861176417384,0.31788245833138,0.132046176944192,"tweedie",4268.96053980286,0.0172367936695167,0.0995043704029905,2.40184318621389,0.238993894050925,0,1.5,"quantile_regression",2847.38997741967,0.00595383897537083,155.370612327063,57.5874113068615,225.221840071333,55.8815708095327,"wilcoxon",0.0130918320315305
"lm",2784.88177878486,0.00015326251206756,35.7760823363232,3.86029080244826,138.10608159054,"anova",0.000406358144865098,0.489519008597563,0.136085647089673,"tweedie",4055.26960424095,0.000180565363554701,0.0890384953930614,3.81701476966169,0.339861251983769,0,1.5,"quantile_regression",2838.34784668641,0.00672311793436364,188.866878488473,54.1641444016305,306.117855256901,68.9522070302906,"wilcoxon",0.000170489011382573
"lm",2782.57553189175,0.0248616476520939,35.5704046386901,2.26076314753141,80.416259949931,"anova",0.00442301123281051,0.342953035373864,0.119107257020367,"tweedie",3875.04583047918,0.0269556710620683,0.0868528028275067,2.22873968286722,0.193572288229906,0,1.5,"quantile_regression",2817.36077784558,0.00850684473264529,124.250624115988,79.8028647653525,213.984028120487,46.7488068846456,"wilcoxon",0.0143055758754555
"lm",2772.05788371871,1.90111768868878e-06,34.6473014130162,4.90996022516695,170.11687184728,"anova",1.81294534574351e-05,0.540014245404336,0.122899815538655,"tweedie",3884.91257885828,2.72639449227609e-06,0.0889139807974844,4.83016092434,0.429468835675526,0,1.5,"quantile_regression",2809.05873919592,5.15526114543974e-05,260.877236339041,158.507370272392,327.458380976724,63.02717249661,"wilcoxon",6.14055318446325e-06
"lm",2774.66753929041,0.0120452917385718,34.8740841977508,2.53417377520849,88.3769896083528,"anova",0.00317977099466956,0.360128914169597,0.120591791061729,"tweedie",3910.56984861997,0.0132197004941417,0.0894270540444519,2.50032320603787,0.223596538474946,0,1.5,"quantile_regression",2815.29015976935,0.0359377287547877,117.427770648895,78.1382694346352,237.346275104974,55.5995115347321,"wilcoxon",0.00936200238016893
"lm",2793.75899787537,4.20826164794969e-05,36.5789386003783,4.18951346943138,153.247955963788,"anova",7.59664430052524e-05,0.464085598251366,0.114828016609135,"tweedie",3894.19073355305,5.56823153103048e-05,0.0863228505783907,4.11987130043477,0.355639034669631,0,1.5,"quantile_regression",2839.83247513362,0.00346996127268007,197.888597409868,112.304074248045,334.915633422737,66.8921782738668,"wilcoxon",5.45426218730883e-05
"lm",2826.68029176776,0.0213697980038175,39.7168631276603,2.31982263356396,92.1360780177082,"anova",0.00328372154573858,0.403206250686838,0.135483799129352,"tweedie",4323.02227501045,0.0232819029817195,0.0938017635733565,2.28651865893231,0.214479482651237,0,1.5,"quantile_regression",2882.49440265332,0.118120753605213,110.156853588496,-30.4880484351222,289.657506183656,70.1845296194955,"wilcoxon",0.0166976085925641
"lm",2812.75206540006,0.0528082582709674,38.3577002140503,1.94816843678206,74.7272608645614,"anova",0.0314002243819319,0.278053562857832,0.128290797837822,"tweedie",4162.19880453336,0.0550109377292846,0.0896763415965959,1.93019879259837,0.173093166274389,0,1.5,"quantile_regression",2860.84993375791,0.0395352730609022,139.802292241445,61.760351726455,239.763812740619,67.4632267013182,"wilcoxon",0.0499000729244319
"lm",2790.12649196888,0.00614931672438017,36.2482593396134,2.76943255750893,100.387109568152,"anova",0.00041107680292658,0.412528544107761,0.114784609454565,"tweedie",3933.27854489864,0.00734501338036756,0.0853931258510912,2.70876316442887,0.231309753800874,0,1.5,"quantile_regression",2842.64180876928,0.0272568930206942,157.5301239224,90.3791438844943,245.679834946931,70.8219292575857,"wilcoxon",0.00471657564980477
"lm",2801.38349269993,0.377714011244874,37.2828659706573,0.884100912147673,32.9618158121376,"anova",0.252025130729824,0.12951585982098,0.112740311675575,"tweedie",3971.02994213896,0.378546477925122,0.08934787206581,0.882555908518898,0.0788544924052712,0,1.5,"quantile_regression",2852.17524684956,0.48819641668035,44.259732846312,-62.0047158706393,164.24758947285,63.7309135432421,"wilcoxon",0.298496974296017
"lm",2798.81017091597,0.0114956796886065,37.0437838114733,2.55103959701808,94.5001593264457,"anova",0.0190014323311785,0.287928666985844,0.121750440810083,"tweedie",3983.64261992073,0.0122940425697794,0.084933017287888,2.52676540587261,0.214605809899416,0,1.5,"quantile_regression",2849.23968090095,0.0246825326197904,146.574943963506,15.4070490121803,277.203359969197,64.7527286972934,"wilcoxon",0.0112442199678169
"lm",2804.74385096423,0.286018554665468,37.5973947495163,1.06978485096728,40.2211233388693,"anova",0.118684928046304,0.195593502597091,0.124811318262023,"tweedie",4074.50335166874,0.288537976437508,0.0904181165804676,1.06419165085557,0.0962222047510187,0,1.5,"quantile_regression",2853.72272168761,0.24707090965203,72.860766032278,-34.8590087775852,208.128061799332,62.7610630596924,"wilcoxon",0.182574916134674
"lm",2798.99462067132,0.0172640512027335,37.0608695426475,2.40124777663197,88.9923305893299,"anova",0.00261529126726462,0.380592190224623,0.124852066472008,"tweedie",4069.19907555988,0.0186654003542116,0.0913949387697372,2.37170174605014,0.216761535860331,0,1.5,"quantile_regression",2838.85403959338,0.043213908287556,128.842611514095,47.3163498058305,205.566819217018,63.3225469123879,"wilcoxon",0.0104103311440793
"lm",2804.71567218246,0.0302668221012368,37.5947462208528,2.18226650676249,82.0417555080027,"anova",0.0651101993354806,0.246766028598878,0.133041150597648,"tweedie",4238.71331196995,0.030812968028313,0.0952536675318768,2.17502901151059,0.207179490334616,0,1.5,"quantile_regression",2855.92361832472,0.0283521944966612,146.140276023067,15.3486467557036,268.542057261949,66.1697507868504,"wilcoxon",0.0388393108177148
"lm",2795.26773392946,0.00215323914136294,36.7171690367682,3.10907518090155,114.156438965183,"anova",6.72111464010396e-05,0.511802793872229,0.125670634863659,"tweedie",4174.13341276165,0.00276742248629156,0.100301319815906,3.03050803090462,0.303963955212437,0,1.5,"quantile_regression",2831.15572382406,0.00102305354469268,196.805046803559,115.402856711868,285.262336368376,59.0359805691303,"wilcoxon",0.000376039412678892
"lm",2795.57574101961,0.0352664697931595,36.7454527958521,2.11982209559992,77.8938227494714,"anova",0.0544885537690322,0.239529438782096,0.123825901981135,"tweedie",4111.69063648816,0.035371391847811,0.0972131071285255,2.1185955942042,0.205955260461395,0,1.5,"quantile_regression",2834.87899911902,0.052957198188627,107.677693799286,4.13025191511293,205.175576514777,55.3062976260702,"wilcoxon",0.0361526867458434
"lm",2825.94705704924,0.00655896580653109,39.6441253579613,2.7475289239972,108.923381087569,"anova",0.00109415864542096,0.441846728741387,0.133333386356012,"tweedie",4347.89179630106,0.00773970061722064,0.0968906568133537,2.69069445497087,0.260703153026177,0,1.5,"quantile_regression",2873.82228529993,0.0133110919458803,181.93636151659,90.1061856888141,275.778789193428,72.8385594131566,"wilcoxon",0.00377185280751529
"lm",2798.51139683184,0.0380943497857249,37.0161248360382,2.08780914439568,77.2826039227726,"anova",0.0287413774869548,0.262415233777482,0.119111910455436,"tweedie",4012.15560394587,0.0398479678611555,0.0880086205976889,2.06896686172247,0.182086919562524,0,1.5,"quantile_regression",2849.59898227338,0.15145037648159,90.23479148308,-5.99211475097972,230.616341302065,62.6636243663882,"wilcoxon",0.0482137116807411
"lm",2786.71352231531,0.00587032098779913,35.940289549651,2.7851213791716,100.098068798351,"anova",0.00823044966301521,0.305946054365188,0.114614262196592,"tweedie",3942.03481862156,0.00599204362017994,0.0897077709515946,2.77819506002368,0.249225686103456,0,1.5,"quantile_regression",2831.27488453126,0.0478249511070403,118.866861665041,50.4461591771973,216.84192509929,59.6937143383643,"wilcoxon",0.00661105040119415
"lm",2804.93145714218,0.0843183567731829,37.6150326442401,1.7348788955668,65.2575262905483,"anova",0.0481029905635946,0.239390452686872,0.120370730283276,"tweedie",4039.72597679191,0.0858988400778232,0.0898831446053772,1.726047388301,0.155142566998392,0,1.5,"quantile_regression",2852.70916641661,0.0816202386004603,116.310005648963,-13.6684009752234,194.268313413133,66.4525087690277,"wilcoxon",0.0746755206507926
"lm",2823.28682809051,0.0656971193391452,39.3813440238725,1.85073648322334,72.8844901433501,"anova",0.0248051294458616,0.30899776453468,0.136624346049277,"tweedie",4372.98743797011,0.0687631678755163,0.0992107004357236,1.8299359203177,0.181549224407209,0,1.5,"quantile_regression",2871.17663634117,0.0423329486874828,141.840105445925,-0.440471970245576,272.097462635446,69.412244784161,"wilcoxon",0.0330186202021761
"lm",2820.75713698433,0.0388250553490973,39.1330733222714,2.07986944884037,81.3916836422221,"anova",0.0729768166419319,0.250507466975648,0.138972544988124,"tweedie",4284.07047273986,0.0398635476220831,0.0913578958109299,2.06880266617606,0.189001458429887,0,1.5,"quantile_regression",2867.92391849371,0.0456580123412684,128.821671079273,40.0402783575942,230.263373710056,64.0514479649092,"wilcoxon",0.035936131377621
"lm",2817.81844983432,0.044082880701391,38.8466271808758,2.02622845201301,78.7121412586325,"anova",0.00169139985471631,0.44521358705953,0.139861193775258,"tweedie",4361.96153590541,0.0472515742951034,0.0983248502449894,1.99648043532779,0.196303639820656,0,1.5,"quantile_regression",2858.2688467661,0.0246415865608078,153.216458944677,61.4768089047882,247.502316089179,67.6672327382059,"wilcoxon",0.0161496288708726
"lm",2784.42737789802,0.00150199109253184,35.7354637032667,3.21926352158171,115.041874726734,"anova",0.0010722168112396,0.416991819744259,0.12560649522776,"tweedie",4060.34901042441,0.00169066961202483,0.094238021030781,3.1833846586017,0.299995870406372,0,1.5,"quantile_regression",2828.55972324128,0.0196840021785405,143.101946361607,79.7278243643865,273.222338420436,60.8574218986531,"wilcoxon",0.00112098013634305
"lm",2811.21732136914,0.100891419725691,38.2108090660378,1.64822965272664,62.9801885573192,"anova",0.139992672055124,0.175674513814584,0.118557646886417,"tweedie",4081.36013191304,0.101897853837584,0.092535465269375,1.6433484561621,0.152068013990669,0,1.5,"quantile_regression",2856.9335049339,0.193029108943426,91.250237582375,19.7741744463878,202.054562680097,69.8639174262648,"wilcoxon",0.118159137250161
"lm",2785.44718423038,0.000275191105631619,35.8266880732776,3.70403303186072,132.703236045591,"anova",2.34963912464339e-05,0.537191309282825,0.12401241595116,"tweedie",4010.30689917761,0.000445252269061863,0.0890288716999883,3.57171930779916,0.317986140002422,0,1.5,"quantile_regression",2827.54725863897,0.000363492210134542,224.28735908783,117.285714497368,320.996200380932,61.8219545950346,"wilcoxon",0.000179007121937207
"lm",2806.85763071462,0.0343634290326932,37.7966021659128,2.130510113438,80.5260431680699,"anova",0.0528871644935344,0.243363754775441,0.124961240342895,"tweedie",4047.6661876457,0.0349963563477098,0.0851999767304194,2.12299412454558,0.180879050010101,0,1.5,"quantile_regression",2860.04672635032,0.0392716662642367,138.78497792421,-18.8890035517671,241.866490393265,66.8817662107613,"wilcoxon",0.0357206830963736
"lm",2772.73916243876,0.531798816853851,34.7063628682797,0.626362238744504,21.7387551448548,"anova",0.276553458368791,0.133830495587443,0.122656133581802,"tweedie",3916.53555263175,0.532662103147839,0.0877065431238891,0.625043611026722,0.0548204144248266,0,1.5,"quantile_regression",2808.20428686028,0.303120589242796,54.419775603657,-13.9016048181161,118.051899066211,52.7093347354908,"wilcoxon",0.443674864563266
"lm",2819.54363865048,0.488686269597174,39.0145334249599,0.693695378017419,27.0642015124008,"anova",0.125805110236097,0.202546815924482,0.131750971033866,"tweedie",4277.94492990311,0.489901658887058,0.0954372532109593,0.691754825843694,0.0660191804739477,0,1.5,"quantile_regression",2870.58737673053,0.491208097628508,47.069024482278,-90.2996476504604,150.924490764569,68.2484392551027,"wilcoxon",0.330210249803983
"lm",2804.05034755342,0.0270561853007735,37.5322664204875,2.22725772286483,83.5940302416509,"anova",0.0234431320133327,0.321859802878686,0.140930384612593,"tweedie",4316.26835567789,0.0285738665810162,0.0976704004451827,2.2054437916103,0.21540657828592,0,1.5,"quantile_regression",2843.6093904607,0.0639667174175784,104.329602825066,68.7551487257154,203.088229956575,56.0058456044099,"wilcoxon",0.0221239155838059
"lm",2798.58863625953,0.0128944805209761,37.0232732869376,2.50941971794542,92.9069320091233,"anova",0.00286629690776264,0.379632888399431,0.125731522953742,"tweedie",4112.19398542422,0.0138347228184837,0.093997345989767,2.48365263348042,0.233456755907655,0,1.5,"quantile_regression",2844.77147643627,0.0203102091237739,140.77472468415,4.30653245121517,211.411075396469,60.1750351736455,"wilcoxon",0.00828860448865441
"lm",2815.24721739663,0.000903682055241167,38.5977187699235,3.36996473065901,130.072950938538,"anova",0.00416057937709085,0.382654944532843,0.131976436743532,"tweedie",4286.68270824211,0.000967144364925835,0.0961609132943094,3.35013435910348,0.322151979630036,0,1.5,"quantile_regression",2860.39443842816,0.000601146200890135,222.693241733304,91.4145373719991,301.867357332982,63.8593718919568,"wilcoxon",0.00147239156705589
"lm",2819.38101325776,0.00199043145742908,38.9986747644039,3.13337997697428,122.197666635316,"anova",0.00135920191582835,0.439280685428135,0.135191777493992,"tweedie",4263.03309361632,0.00239066740248559,0.0929162974721472,3.07651283876995,0.285858182104028,0,1.5,"quantile_regression",2861.20624302844,0.00356127584111654,191.932494260696,112.727980590049,276.695582101956,65.0630208409569,"wilcoxon",0.001740918602192
"lm",2820.51876102395,0.156372929271768,39.1097593099961,1.42278209891646,55.6446654391937,"anova",0.0328322958268247,0.275368467972616,0.128126170901207,"tweedie",4252.60652574915,0.160114206869028,0.0958222568309888,1.40998094185825,0.135107555937541,0,1.5,"quantile_regression",2872.00028372078,0.211113047981758,85.281341935101,-12.0968835730191,230.019072192855,67.9764362166672,"wilcoxon",0.116443645618655
"lm",2796.93818984337,0.000400962909663008,36.8708256896813,3.60084471470281,132.766117811417,"anova",0.000167369972785665,0.498674885178252,0.129961646833368,"tweedie",4116.80872456202,0.00049923767236463,0.0930432445215272,3.53969744188596,0.32934493461762,0,1.5,"quantile_regression",2842.31342073656,0.004216596795382,199.495416818542,112.972271246492,326.014742948029,68.9093212051039,"wilcoxon",0.000477940660186167
"lm",2800.15477819849,0.00945881629206803,37.1685166936575,2.62058527238811,97.4032674439107,"anova",0.000489344833760447,0.468869056291826,0.1322503709696,"tweedie",4173.81609939728,0.0107910563203209,0.0940714067865102,2.57375027387751,0.242116308980823,0,1.5,"quantile_regression",2847.89016221612,0.0126078219135273,166.734013352252,21.1631298476344,254.980191836944,66.2271317117564,"wilcoxon",0.0047890252623393
"lm",2811.28530245754,0.321486093189491,38.2173036488804,-0.993896972697273,-37.9840624012747,"anova",0.979057877615106,0.00368619168690444,0.140248647458581,"tweedie",4310.45945799053,0.32017727066621,0.0938770336156476,-0.996595482751875,-0.0935574276355003,0,1.5,"quantile_regression",2860.25148446392,0.4067862454584,-59.131759622248,-179.951763486887,27.2512911310632,71.1287425825644,"wilcoxon",0.468780426760958
"lm",2813.6915126648,0.222058634018351,38.4478936789659,1.22492522472,47.0957948047179,"anova",0.124667625949391,0.197312982133557,0.127958227374307,"tweedie",4218.27904206251,0.224230942502491,0.0932387523940233,1.21916775731792,0.113673680651342,0,1.5,"quantile_regression",2866.84199467001,0.45898612698227,50.970315577969,-60.1336241975031,221.573694889242,68.6961383687723,"wilcoxon",0.211375021920823
"lm",2785.36864589973,0.00236619303591442,35.8196543431366,3.07972790441884,110.314789007195,"anova",0.00167702613587008,0.379786301721206,0.119210306231717,"tweedie",4022.79864764006,0.00274207199863687,0.0936581653276357,3.03341663566717,0.284104236770916,0,1.5,"quantile_regression",2817.97702098027,0.00425912574137799,148.443897753744,108.947160226092,223.320343065593,51.3334885645449,"wilcoxon",0.00197110361873759
"lm",2820.42049704279,0.00320900196032069,39.1001527883833,2.98341983984399,116.652171569794,"anova",0.00244830691182323,0.417290133213561,0.135966783944604,"tweedie",4292.66565069914,0.00336748989032809,0.0949896874305129,2.96796367668129,0.281925941953072,0,1.5,"quantile_regression",2873.60029025383,0.0438609538214534,144.772878389026,18.3173796113294,276.521533665875,71.373671814509,"wilcoxon",0.00307473681365633
"lm",2797.99402425326,0.379786258669637,36.9682779661424,0.880258857875472,32.5416541400995,"anova",0.0807943687866806,0.202979546959055,0.115653409103039,"tweedie",3968.01904317122,0.381476473136103,0.0924942188331554,0.877134718887581,0.0811298906349462,0,1.5,"quantile_regression",2825.08969215561,0.235654158859699,55.09959424033,-29.4906678584191,100.036058405241,46.3203271404398,"wilcoxon",0.276361310784652
"lm",2782.61629905589,0.00152617347799413,35.574030084747,3.21443867542886,114.350538145281,"anova",0.00131753991691801,0.379830651992377,0.116561199164793,"tweedie",3845.03635201523,0.00175008167178487,0.0830916851022459,3.17285428656346,0.263637809254442,0,1.5,"quantile_regression",2828.67667745138,0.0389636629190906,131.018145917578,45.1249087124046,223.042613729839,63.0386565653516,"wilcoxon",0.00165597446436795
"lm",2788.4178824218,0.0198930259117899,36.0937542556825,2.34738425498756,84.7259104431792,"anova",0.0254279824115375,0.278662158889261,0.123746609723811,"tweedie",3998.95544191192,0.0207103417415465,0.088287288465939,2.33191664111966,0.205878597173055,0,1.5,"quantile_regression",2831.04806411158,0.11617933408054,90.982368673772,15.5380311293423,214.180519963629,57.6595332208657,"wilcoxon",0.0208757453225896
"lm",2822.19536217768,0.434006324155579,39.2740320131998,0.78394989568308,30.788873299802,"anova",0.325936023345404,0.136960413674834,0.139077757758216,"tweedie",4353.68907418493,0.435611665822665,0.0962115477242226,0.781210661994838,0.0751614868891878,0,1.5,"quantile_regression",2870.5531121405,0.122727553850295,109.794877257415,1.25912382541215,178.947785041025,70.833338568413,"wilcoxon",0.349996412680902
"lm",2810.66018057436,0.154825338251233,38.1576241126889,1.42814579488733,54.494650419428,"anova",0.0319772579474038,0.28892629070352,0.133764462686879,"tweedie",4292.06912225951,0.157616134990027,0.0983785461515548,1.41850266249969,0.13955022964883,0,1.5,"quantile_regression",2848.72949840111,0.447268908348833,47.761524596683,3.4842368298225,106.127229122843,62.7209288393216,"wilcoxon",0.104454389716904
"lm",2810.31586830639,0.0136794590885267,38.1247928997069,2.4877979347762,94.8467810396612,"anova",0.00695136258939262,0.366293123940822,0.134287386161397,"tweedie",4279.25130129757,0.0144564494666055,0.0974803472602732,2.46745752896153,0.240528616773146,0,1.5,"quantile_regression",2862.71292032169,0.248995010274893,81.519799241892,9.34213208222665,237.783640526627,70.5070324841373,"wilcoxon",0.00738036087271735
"lm",2808.712370529,0.0307609750614626,37.9722662724048,2.17571321739012,82.6167616231283,"anova",0.0166637990821218,0.326587506136602,0.135257770372416,"tweedie",4314.24214851174,0.0324288864966941,0.100908570917327,2.15424624708898,0.217381910197763,0,1.5,"quantile_regression",2846.87840215412,0.0398522209052845,121.467214915587,0.437930850164336,191.982863790837,58.7103878054227,"wilcoxon",0.0174921830679478
"lm",2806.29122603795,0.103912404468257,37.7431196102387,1.63369290180047,61.6606665990529,"anova",0.0186143320838926,0.329094864457085,0.138698033675778,"tweedie",4320.75881844691,0.107086536608044,0.100961255818198,1.61877926489575,0.163433987476335,0,1.5,"quantile_regression",2844.46978747429,0.136072340538734,87.330521997246,12.158834539183,185.668157743936,58.3500148553316,"wilcoxon",0.0513428969257157
"lm",2800.7161614184,0.000160801123012133,37.2207177700523,3.84765401595931,143.21244420483,"anova",7.37419874071988e-05,0.50958058693368,0.125849972195971,"tweedie",4116.53360973381,0.000221538497753987,0.0949941585333747,3.76250366698301,0.357415869823788,0,1.5,"quantile_regression",2833.44139523,0.000275917961161554,215.362400139191,130.581263771201,324.451440547756,58.1539114970979,"wilcoxon",0.000167189734102396
"lm",2801.06358123197,0.0296291773252497,37.25305985044,2.19086101806734,81.6162766300584,"anova",0.111286277599411,0.203895369696868,0.127468086835498,"tweedie",4065.74449078665,0.0296308701720341,0.0891617401791773,2.19083798973034,0.195338927615008,0,1.5,"quantile_regression",2847.73686507108,0.0979470322907474,113.524004123638,-2.67761122491412,213.433674790652,68.2753380373609,"wilcoxon",0.0476623397069491
"lm",2807.1711406831,0.631195329351038,37.8262378071162,0.480791771408159,18.1865438809897,"anova",0.505717609895533,0.0767249850419008,0.115075684672561,"tweedie",4008.26233024363,0.631327663150755,0.0910857705961429,0.480605271110768,0.0437763014716925,0,1.5,"quantile_regression",2850.97801891484,0.859282743763835,11.024140680342,-96.0801197561486,104.521802484897,62.1014235270007,"wilcoxon",0.584998975742987
"lm",2779.14446239688,0.0395433029314922,35.2665981522091,2.07218881770484,73.079050329498,"anova",0.0144537565184683,0.272625049469282,0.110485163263339,"tweedie",3842.94509095022,0.0412917803917104,0.0894969649832032,2.05397837155765,0.183824830395552,0,1.5,"quantile_regression",2814.38317708492,0.0490176070523325,103.997829904016,49.4079988586046,194.432108989643,52.5075079745991,"wilcoxon",0.0251321172491966
"lm",2774.80247471302,0.000961134338569046,34.8858505554853,3.35195943570224,116.935955941957,"anova",0.000302318297236778,0.486832365448861,0.132346558146631,"tweedie",4026.94074643202,0.00120161346059545,0.0920946790482058,3.28609732395072,0.302632078370409,0,1.5,"quantile_regression",2808.99667405254,0.00100110088316008,180.3632866032,111.813065155163,249.207057652987,54.0007037386957,"wilcoxon",0.000819210507874369
"lm",2791.8682557958,0.0940039289417789,36.4064432557161,1.68272810481479,61.2621452627383,"anova",0.115546857543313,0.176252695589044,0.111504198799206,"tweedie",3831.75874341221,0.0952605369950755,0.0826960112909352,1.67628532975445,0.138622110556203,0,1.5,"quantile_regression",2841.32453394239,0.143604591836545,95.33029653392,-16.4111747837394,207.592863240946,64.9248116162093,"wilcoxon",0.105502110678596
"lm",2816.00062734984,0.415336596033061,38.6704870425676,0.816252613250966,31.5648861041834,"anova",0.433538861508305,0.100968448326409,0.12866342455131,"tweedie",4246.93091757372,0.415719133527587,0.0966644448878498,0.815582222174642,0.0788378027669108,0,1.5,"quantile_regression",2860.86391016739,0.183740323069561,92.788493211583,-11.3719026357301,162.744869801893,69.5572492135292,"wilcoxon",0.39719901758616
"lm",2814.01101385728,0.0022423250147698,38.4786163169287,3.09648591980376,119.148493638901,"anova",0.000280651077428622,0.466371916541733,0.126090716711406,"tweedie",4170.98954959984,0.00263956621568795,0.09546647394375,3.0454359072933,0.290737027690976,0,1.5,"quantile_regression",2853.72749837834,0.0158089813328255,149.650765144669,71.0853233967374,229.256500819376,61.4768853219411,"wilcoxon",0.00100179145207781
"lm",2778.51604918637,7.83506642813931e-07,35.2112366605399,5.10234544877238,179.659893120553,"anova",1.36174683124713e-06,0.568480691069919,0.114084089941764,"tweedie",3874.97036923668,1.379170835669e-06,0.0877747366991714,4.98022812520373,0.437138212391565,0,1.5,"quantile_regression",2816.04752699269,1.445955117374e-05,260.450069915575,180.047281156841,306.151045548493,58.5589963399586,"wilcoxon",1.58635948072012e-06
"lm",2787.45193780247,0.0510887064431312,36.0066979931124,1.96264071919853,70.6682116451665,"anova",0.108737366882527,0.207850033233285,0.129006293801836,"tweedie",4022.8837670422,0.0515103395720155,0.0895671321698723,1.9590545553654,0.175466898288403,0,1.5,"quantile_regression",2836.36443468274,0.250422814986996,77.373287074033,-30.4421536869232,208.823306489158,67.1234589196863,"wilcoxon",0.0584370812213793
"lm",2798.77472329688,6.51634546010039e-05,37.040501172082,4.08037784915836,151.139240504288,"anova",0.000251616056821394,0.45853095638359,0.122987778960091,"tweedie",4057.84055233735,7.86500914230567e-05,0.0885154719991622,4.03274918305853,0.356960697392661,0,1.5,"quantile_regression",2850.14658741532,0.00248250721627441,218.00518074524,123.12984671651,318.794505680672,71.1339626705662,"wilcoxon",8.92963051734689e-05
"lm",2795.76298352156,0.0228819290594807,36.762657598668,2.29328164773379,84.3071279929464,"anova",0.019189034246908,0.283342015792252,0.12000108968268,"tweedie",3974.53872774486,0.0239671517124639,0.0911002131000141,2.27516475403108,0.207267993929873,0,1.5,"quantile_regression",2826.10715157385,0.0262879595789327,115.39631726863,45.2799838399967,167.661055250408,51.5459401670252,"wilcoxon",0.0146984949245987
"lm",2818.49724577878,0.105610742397281,38.9126054797594,1.62566868301555,63.259004102984,"anova",0.050666562955615,0.257579799876677,0.131000112374767,"tweedie",4251.33982666927,0.106715016128393,0.0944073446206728,1.62050644861538,0.152987710754455,0,1.5,"quantile_regression",2872.31571785389,0.459156977100427,53.139384092439,-51.6081446450672,200.054031692957,71.6468264613802,"wilcoxon",0.0808454746040643
"lm",2810.11945211918,0.00419585929892189,38.1060766791451,2.89665634656161,110.380208855209,"anova",0.00821950133716562,0.39293821387089,0.147177927383701,"tweedie",4244.04124264831,0.00467887863143674,0.0940318567606444,2.8608292605341,0.269009087243203,0,1.5,"quantile_regression",2853.11021561941,0.0500452418928989,117.433129593605,49.6238855484618,227.076652140539,59.5616129420606,"wilcoxon",0.00253772165579274
"lm",2805.62419889286,0.0102567951225292,37.6802328454847,2.59187321916838,97.6623864042406,"anova",0.0445755381863809,0.271602846313758,0.134357982694118,"tweedie",4125.47066383679,0.0107260895710919,0.0925364636647448,2.57591053305782,0.238365651445939,0,1.5,"quantile_regression",2842.18843217465,0.0232222527263637,133.864214498461,65.0307888841967,207.882047186431,58.5193436307712,"wilcoxon",0.00871649084155993
"lm",2776.71798520391,0.0644466703657355,35.0533117343247,1.8594516902278,65.1799397524721,"anova",0.001955487729609,0.383623415116394,0.122218390375283,"tweedie",3943.30709562287,0.0676826342206435,0.0872542495627041,1.83717703861093,0.160301503817828,0,1.5,"quantile_regression",2820.80145916045,0.519233001947216,39.002321259378,-9.03425283005381,93.6870185408275,60.4048616612713,"wilcoxon",0.0338307478510132
"lm",2803.10380900412,0.0332318351376846,37.4435570778731,2.14424999985091,80.2883472586468,"anova",0.0139597142540357,0.308091975953327,0.124213329751448,"tweedie",4089.35591404863,0.0355714426622039,0.0910969457432156,2.11626571381208,0.192785342909366,0,1.5,"quantile_regression",2837.91457027706,0.0070966335427598,133.825343670164,62.9093562655992,208.174627846273,49.1898369131685,"wilcoxon",0.0194339085784253
"lm",2815.6679678133,0.0741333475908773,38.6383401461418,1.79528485217106,69.3668267774013,"anova",0.208466633361349,0.174512890022904,0.138292959803799,"tweedie",4296.17999992276,0.0732138289586159,0.0955643049164932,1.80106775224403,0.172117787850711,0,1.5,"quantile_regression",2864.66633452684,0.502215341919649,53.212372758495,-19.7159382896137,203.405377478067,79.1569444512265,"wilcoxon",0.137713772243372
"lm",2817.27907487683,0.0119512148015061,38.7942802373841,2.53701124945875,98.4215253768989,"anova",0.00930998833420996,0.328548359595465,0.125105053498496,"tweedie",4158.18428235204,0.012868483761371,0.0900391791069401,2.51015565255928,0.226012354387083,0,1.5,"quantile_regression",2873.31480503417,0.0453634408201484,153.815951591642,61.7918480176675,311.283267131739,76.373571243342,"wilcoxon",0.011088329679099
"lm",2799.93433704067,0.00289492257818184,37.1480386597918,3.01624094731746,112.047435318196,"anova",0.000421093160550397,0.436886632954539,0.121788737456624,"tweedie",4060.13678917155,0.00335088405673276,0.0935713232335838,2.96955143972008,0.277864857624801,0,1.5,"quantile_regression",2840.57877076429,0.0206149982064463,148.253531664348,67.6479133297756,256.967388529496,63.5274334463587,"wilcoxon",0.00187586838275331
"lm",2808.73316339757,0.0132414185840219,37.9742402045638,2.49972287152804,94.9250767682477,"anova",0.0293904540153888,0.27953451114587,0.127401655778479,"tweedie",4208.0238104712,0.0140032189006844,0.0964010027099614,2.47920061985814,0.238997425673483,0,1.5,"quantile_regression",2847.72807837036,0.00374243439117694,172.471552929689,93.6104705951646,272.023315540717,58.7857579559056,"wilcoxon",0.0161496288708726
"lm",2813.86323718889,0.0111910109475367,38.4644033382146,2.56070204605268,98.4958763283616,"anova",0.00258326435669219,0.431703926661053,0.141439242755928,"tweedie",4279.18616852661,0.0119953248194264,0.0943029534884371,2.53567836312724,0.239121958739625,0,1.5,"quantile_regression",2864.41271626398,0.156364090718202,99.073120943456,16.1985285559153,215.546166508316,69.631882512564,"wilcoxon",0.00666000097915313
"lm",2781.25079361384,0.351378178800027,35.4527958058766,0.93412309590894,33.1172753768129,"anova",0.298610896620902,0.116305011137262,0.111600557128772,"tweedie",3809.02675916306,0.351967318594376,0.0823030159003354,0.932978604273584,0.0767869529022015,0,1.5,"quantile_regression",2824.76298898536,0.720494349858674,20.311397945253,-45.7245001748546,102.153383234517,56.6869359036434,"wilcoxon",0.315855487229846
"lm",2809.45593572493,0.250974458901523,38.0429190597791,1.15135543477691,43.8009216142546,"anova",0.362007422951316,0.102486583701816,0.112171626920589,"tweedie",3959.21739873797,0.251035651806811,0.0882278249638978,1.15120628714551,0.101568426799613,0,1.5,"quantile_regression",2859.33447609789,0.667892728738276,29.379506966209,-55.9437129078702,156.146768669073,68.3746761173036,"wilcoxon",0.278523130179151
"lm",2788.13838780894,0.00947085971375564,36.0685430400257,2.62013602378715,94.5044889446884,"anova",0.0191227521711895,0.302448617675505,0.128021552031797,"tweedie",4006.59114716052,0.0102170885183187,0.0927041661064418,2.5932536795996,0.240405419869743,0,1.5,"quantile_regression",2825.11252298733,0.0114258896224495,145.464174354095,64.2812183947439,217.730844283829,56.9725518953716,"wilcoxon",0.00520580329220417
"lm",2821.11828166302,0.483481252410426,39.1684210298932,0.702035818164488,27.4976345039322,"anova",0.285160282531895,0.152452276742775,0.142253033343478,"tweedie",4362.26678999315,0.484191205715627,0.0967568837661258,0.700895325058887,0.0678164474989437,0,1.5,"quantile_regression",2869.52074916607,0.712388868425198,26.385541343703,-38.8062990983722,129.456703933009,71.4708796754706,"wilcoxon",0.440772612797328
"lm",2809.03039482373,0.153482933160794,38.0024685351322,1.43283168027877,54.4511408459347,"anova",0.424381177704791,0.10418141959851,0.130145593117664,"tweedie",4224.63143098151,0.153240271350068,0.0962723203254791,1.43368207832457,0.138023900289362,0,1.5,"quantile_regression",2848.89921589566,0.172314376889453,82.367759206296,13.7582736723758,170.589312149291,60.1331512989039,"wilcoxon",0.189898938053599
"lm",2814.49248178821,0.0223592872305014,38.5249597518884,2.30227647684034,88.6951086079936,"anova",0.0085662477914377,0.35947144737196,0.135373561621773,"tweedie",4202.78067211033,0.0245435648507384,0.0934297359843619,2.26583174436962,0.21169606166144,0,1.5,"quantile_regression",2864.84517605367,0.11873641580066,111.102266066503,39.0106298232346,281.363859698817,70.9060847379853,"wilcoxon",0.0096319257061652
"lm",2809.74196616324,0.0183738311471892,38.0701323704466,2.37768394655035,90.5187425802577,"anova",0.0301467156962579,0.288519366132153,0.132113601197139,"tweedie",4217.71985406694,0.0192496023482923,0.0953220633217728,2.35995930715637,0.224956190513566,0,1.5,"quantile_regression",2859.93051792508,0.0373758602128982,145.963753764511,42.4606061838834,312.732202042436,69.6476896610238,"wilcoxon",0.0183197148555866
"lm",2822.11021398111,0.00154523820125552,39.2656726204703,3.21068466058408,126.06969277006,"anova",0.00149912834686998,0.407218702587183,0.126471741141511,"tweedie",4210.47673616967,0.00171172234894267,0.0921522501470918,3.17961453305612,0.293008633821516,0,1.5,"quantile_regression",2880.61813778374,0.0564404103034493,147.053916804166,-4.55998701860707,307.099105788878,76.6361653776369,"wilcoxon",0.00137609963741594
"lm",2775.2469750053,0.00281180855957135,34.924639030275,3.02547391472249,105.663584367196,"anova",0.000413385328141416,0.423965332225898,0.118017901599901,"tweedie",3936.69541275701,0.00336355337917852,0.0932496280182472,2.96833941462493,0.276796546245677,0,1.5,"quantile_regression",2809.76170904073,0.000822196144340204,177.514949890696,43.7152078802658,234.402145803803,52.2498095275164,"wilcoxon",0.00117021517636889
"lm",2810.29054415437,0.214852409282077,38.1223792809831,1.24432096900117,47.436475927543,"anova",0.294550545466622,0.129052597180227,0.122793077908825,"tweedie",4135.3513966704,0.213824695910721,0.0919591008187437,1.24712534722737,0.114684525539293,0,1.5,"quantile_regression",2856.27974346193,0.819131970396309,14.65200085217,-70.2586646396413,159.263477120432,63.9921472558474,"wilcoxon",0.216780978883205
"lm",2804.78599449252,0.0535930736169703,37.6013561753708,1.94169476286952,73.0103563625092,"anova",0.0132365644946216,0.317403922964126,0.126968833184347,"tweedie",4065.07735728263,0.0559026794442387,0.0850290242162604,1.92309550173871,0.163518933987522,0,1.5,"quantile_regression",2854.43855876164,0.0472310621958334,125.666926387342,21.6837514815912,231.515585852605,62.9383345699824,"wilcoxon",0.0513428969257157
"lm",2797.83349150996,0.000121258519723656,36.9534443952413,3.9214911418966,144.912604858507,"anova",0.000196094109121176,0.479942291578032,0.126463835908098,"tweedie",4029.83603859202,0.000164479221362687,0.0866031838282113,3.84169110241895,0.332702680753992,0,1.5,"quantile_regression",2836.10169263063,1.41586406292582e-05,231.734901144078,156.192520300911,296.389528138779,52.0445876769683,"wilcoxon",0.000170489011382573
"lm",2791.33293292064,0.00241885124456065,36.3577528396553,3.07284787587956,111.721843585089,"anova",0.000201587017022221,0.478522828512098,0.126334865860741,"tweedie",4097.94466211873,0.00272559812606879,0.097591341516418,3.03532007372486,0.296220957926522,0,1.5,"quantile_regression",2832.11315938527,0.0893410514097599,104.924515994714,24.4748193213747,192.141012731164,61.4577980236689,"wilcoxon",0.000710965371020142
"lm",2794.72540936986,0.00516075181608094,36.6674212124031,2.82830422407513,103.706622300982,"anova",0.000406484301130325,0.461639762718408,0.128338324599527,"tweedie",4135.40675188445,0.0058981739586982,0.0970937956556675,2.78352504680926,0.270263012097331,0,1.5,"quantile_regression",2832.43635244853,0.0728325885620695,113.737661459477,51.5769737970619,185.352168130143,63.0655592941474,"wilcoxon",0.00162851835315058
"lm",2810.52049241196,0.0192417268852433,38.1443010181886,2.36011550365608,90.0249562091515,"anova",0.008998517016701,0.326430459025873,0.123734459962053,"tweedie",4135.06688276703,0.0204487955019057,0.0948935109508803,2.33680709041931,0.221747829224799,0,1.5,"quantile_regression",2849.44968790795,0.0270279716974922,132.381770701568,33.5731720088891,201.782692378975,59.426027960264,"wilcoxon",0.0128250201321126
"lm",2793.33066080125,0.093210848982806,36.5397892766665,1.68683021740637,61.6364206895422,"anova",0.00544375424050417,0.333465668490664,0.118651206270717,"tweedie",3995.69069391156,0.0973805587818963,0.0920447410229857,1.66556950749112,0.153306913972802,0,1.5,"quantile_regression",2834.83107708225,0.0383008427462075,133.350268175621,46.6905224967695,217.490724021399,63.9400258116674,"wilcoxon",0.0397717460701796
"lm",2795.27476108965,0.0285670073209082,36.7178140860054,2.20554009388842,80.9826111266259,"anova",0.00769380950597823,0.321835078436281,0.119519019014841,"tweedie",3998.02932424324,0.0301754889127941,0.0909358105165595,2.18348786487931,0.198557238745872,0,1.5,"quantile_regression",2838.93044331338,0.145602964060553,88.679229588849,21.6727541913401,216.758577049907,60.6979947122716,"wilcoxon",0.0179609518601432
"lm",2795.76104624138,0.0189026383381059,36.7624795501793,2.36689475170309,87.0129199069116,"anova",0.0209766485187911,0.279469884434011,0.12009917166691,"tweedie",4059.81744439139,0.0195023174564402,0.091171847727028,2.35497676023272,0.214707582584627,0,1.5,"quantile_regression",2845.69463940742,0.0101687786078981,165.282264052929,17.6539914315826,240.071898166683,63.694066113392,"wilcoxon",0.0207409227110621
"lm",2763.66173498038,5.92345610693582e-05,33.9276212735759,4.1043721510528,139.251583906732,"anova",0.000214419835096857,0.502760226567226,0.133313964807368,"tweedie",3961.77766387175,8.12693632952655e-05,0.0935171577029863,4.02441112093216,0.376351489457865,0,1.5,"quantile_regression",2791.72294185709,2.84088386415249e-05,195.551625582257,141.810956038266,302.495272809661,45.6277681639009,"wilcoxon",4.47111114091144e-05
"lm",2821.33513451261,0.525615065989251,39.1896612461605,0.635839830369424,24.9183475589939,"anova",0.519767148296607,0.0847354140977302,0.131402131860153,"tweedie",4178.16024462272,0.526278219567143,0.0888675709210467,0.63482070943365,0.0564149744177441,0,1.5,"quantile_regression",2877.34123973871,0.627719500795054,38.573024369474,-61.846752091102,152.186647209072,79.4179816572198,"wilcoxon",0.433564786851313
"lm",2795.97974267194,0.0430468766157674,36.7825846034479,2.03634921945715,74.9021874468478,"anova",0.00159953134160943,0.398917048444358,0.124652827570788,"tweedie",4198.56793562164,0.0455175789034719,0.0998965226153078,2.01254176704746,0.201045924146108,0,1.5,"quantile_regression",2847.31243867472,0.0991316467804007,123.380055842855,-8.55717218076184,214.926287140143,74.4662241378372,"wilcoxon",0.00970048142507391
"lm",2823.25009988262,0.0411351846456436,39.3777281744036,2.05558218432975,80.9441564946837,"anova",0.00249269773489875,0.386359965409763,0.126120113847773,"tweedie",4251.57686671996,0.043767406427036,0.0967689249056876,2.02928870608452,0.196372086411053,0,1.5,"quantile_regression",2872.27485298237,0.392246305601856,59.297130577279,-22.2504725803494,218.058358353754,69.1571668690398,"wilcoxon",0.0129134178985593
"lm",2810.83827575521,0.0956494079728218,38.174617117792,1.67430544593823,63.9159693369259,"anova",0.0531150159931331,0.239209183432054,0.122946996936003,"tweedie",4098.72237904821,0.097041657443245,0.0912869427277183,1.66726980274415,0.15219996299476,0,1.5,"quantile_regression",2862.52287276181,0.672678940071081,26.060231375507,-50.4070687993239,232.175350250914,61.5930423509444,"wilcoxon",0.0685238378219725
"lm",2818.14833814436,0.0181763085418722,38.8786780160324,2.3817843203502,92.6006256945301,"anova",0.014690469484474,0.366188707918469,0.148765177762965,"tweedie",4465.68428771627,0.0199345734145341,0.103016274651437,2.34658461235162,0.24173640491885,0,1.5,"quantile_regression",2862.45119065205,0.019071339429968,167.788783178006,55.0540967389079,249.953950932447,70.9913960711024,"wilcoxon",0.0103373229143232
"lm",2808.53644461458,0.0380702376315417,37.9555691803219,2.08807335822639,79.2540128017488,"anova",0.0207044552929423,0.28296046722671,0.121336749254862,"tweedie",4118.17632507916,0.0399690423296228,0.0929156513405322,2.06769229557808,0.192120976415437,0,1.5,"quantile_regression",2853.44777337167,0.013080706223755,156.033196003404,63.8696344028588,251.943429218187,62.308942220169,"wilcoxon",0.0295673908124974
"lm",2826.74721359101,0.362444547710975,39.723508495781,0.912825315893715,36.2606241910679,"anova",0.14420350835296,0.195797890763871,0.133548868992419,"tweedie",4281.88055214865,0.364266293122096,0.0913429698915658,0.90935891187947,0.0830635437084335,0,1.5,"quantile_regression",2880.93726190411,0.492125051486953,51.168731703234,-23.967153515495,179.007818594299,74.3502911825627,"wilcoxon",0.271006917821979
"lm",2793.35176635363,0.00176935143795784,36.5417173086227,3.16950992521856,115.819335694211,"anova",0.000466322960595554,0.407557560654677,0.114520803639549,"tweedie",3982.79971720785,0.00208083509702115,0.0947145282367108,3.11966663084213,0.295477753196021,0,1.5,"quantile_regression",2827.63511535355,0.0162330878183581,150.056825258864,99.8879016734291,232.55783153934,61.895188525374,"wilcoxon",0.000894428826725522
"lm",2810.07486048507,0.166200287871901,38.1018288853472,1.38963501783432,52.9476356626094,"anova",0.208454796608021,0.162346637752442,0.12864843760403,"tweedie",4186.5016130716,0.166582502904102,0.0928519935939847,1.38837625521837,0.128913503155577,0,1.5,"quantile_regression",2861.84793140457,0.973622802486461,2.46518464399503,-65.0447081176024,132.136198327982,74.4616721319405,"wilcoxon",0.183378200107658
"lm",2813.59686437697,0.0615116897595609,38.4387971869489,1.88047399619513,72.2831585550759,"anova",0.0461028590550522,0.239456630623798,0.119306960322707,"tweedie",4101.36757669664,0.0632420223259361,0.094478185624748,1.86798171099895,0.176483522835393,0,1.5,"quantile_regression",2857.87323651848,0.043548932838394,135.395911808614,17.1386720693943,230.509561700404,66.6509027415914,"wilcoxon",0.0463070583804806
"lm",2796.77348650968,0.882503001349741,36.8556469451154,0.147987788722817,5.45418569335646,"anova",0.673160537245618,0.0538857743327838,0.127557693674466,"tweedie",4111.3066589125,0.882520701921507,0.0940090600809497,0.147965330560312,0.0139100816505419,0,1.5,"quantile_regression",2840.03230847425,0.734752615691765,-19.388013483429,-120.541187484691,99.1313631218698,57.1432889519366,"wilcoxon",0.859393950575315
"lm",2816.98182871213,0.15828184849068,38.7654623186983,1.41622169048813,54.900488577541,"anova",0.227571858664139,0.162074935407642,0.133902969370329,"tweedie",4259.20601055009,0.158593282771168,0.0941708109516686,1.41515711812182,0.133266493437558,0,1.5,"quantile_regression",2866.65904636239,0.442100371235281,51.755927927885,-62.5201821999457,174.372600695642,67.198204434889,"wilcoxon",0.178597598608935
"lm",2802.49367474709,0.0514479420121359,37.3864866225429,1.95958370781984,73.2619500781596,"anova",0.0461024400574686,0.27192668226686,0.135484587561034,"tweedie",4186.14349890047,0.0526428931200636,0.0907868108693138,1.94954279922009,0.176992773394427,0,1.5,"quantile_regression",2849.47045270412,0.317305263164568,60.663443295318,-1.81801039826993,206.088031638066,60.5095958355334,"wilcoxon",0.0510515708647027
"lm",2808.5752080517,0.00169861554340229,37.9592475793516,3.18195661560705,120.784678958584,"anova",0.000724370825346515,0.444204069568256,0.129355547855738,"tweedie",4213.08877367886,0.00185555385918043,0.0945499708646722,3.15495034306161,0.298300463015963,0,1.5,"quantile_regression",2856.2318986134,0.0784109044206902,102.572311641205,14.0539118955094,241.422386471658,57.9788103173804,"wilcoxon",0.00153568783199273
"lm",2820.92700050097,0.0220682392578935,39.1496950549321,2.30736564463909,90.3326613678474,"anova",0.00619613447594517,0.382164726132599,0.13812200841913,"tweedie",4380.46166049265,0.0243490838237867,0.100046432561203,2.26895908821472,0.227001262403202,0,1.5,"quantile_regression",2860.33577651931,0.00329793302740855,212.930304229693,82.016361437883,262.099414457093,71.5813198864316,"wilcoxon",0.00903409987925683
"lm",2794.93845194968,1.4836788601894e-05,36.6869557190697,4.4415605324215,162.947334576515,"anova",1.84509420934973e-06,0.590430252178096,0.120090627244347,"tweedie",4013.33203092033,3.03967122503025e-05,0.0904605456109807,4.26934450372148,0.386207233207886,0,1.5,"quantile_regression",2832.11797726343,1.36556336458593e-05,256.576148061286,172.904706403418,347.643340332259,57.5133066031346,"wilcoxon",1.24245953542926e-05
"lm",2790.16553042297,0.00238971023514578,36.2517972022714,3.07663800501688,111.533657022673,"anova",0.0153915393212083,0.330111262583025,0.135057446891784,"tweedie",4147.96135547351,0.00241143489893194,0.0966143394524665,3.0738084467939,0.296973972690405,0,1.5,"quantile_regression",2826.71446090921,0.047487059421387,121.87926532445,75.0468638260881,209.923396029962,61.1126447681604,"wilcoxon",0.00407620209462386
"lm",2815.40125468768,0.0358541064880532,38.61258535235,2.11299281177256,81.5881152934698,"anova",0.00174949547196854,0.421639169383035,0.132885263842448,"tweedie",4250.40097849321,0.038774606022668,0.0965323437281159,2.08041349036588,0.200827190148608,0,1.5,"quantile_regression",2856.43580807659,0.0990826044786952,119.703421466754,52.1876148791372,174.394104808994,72.2366238669515,"wilcoxon",0.00990876557052442
"lm",2806.38166600479,0.5360087853088,37.751654291263,0.619941976624346,23.4038351821646,"anova",0.711054007622275,0.0452492387966664,0.121974372390612,"tweedie",4096.97461182804,0.536058941708539,0.093539746510221,0.619865642222671,0.057982075043904,0,1.5,"quantile_regression",2856.21593250249,0.883890544723085,10.164456779174,-78.0280771075388,160.82998931013,69.5112410539069,"wilcoxon",0.532439867987911
"lm",2796.84043407769,0.002759808225041,36.8618159511769,3.0313790726584,111.742137454583,"anova",0.000122630611695089,0.519724142587439,0.132631149500894,"tweedie",4170.27995221432,0.00329720442189705,0.0972956139183446,2.97473386556509,0.289428557693846,0,1.5,"quantile_regression",2832.65256325573,0.00916519891137302,150.140067694168,65.0290602086539,239.968777144397,57.050598361797,"wilcoxon",0.000910220541120998
"lm",2814.06866503456,0.0136565102979475,38.4841625604302,2.4884141798574,95.7645358153118,"anova",0.059502754465661,0.260242324540013,0.137305613751443,"tweedie",4316.99171096153,0.0139556608577383,0.101721363049777,2.48045235351973,0.252314994380055,0,1.5,"quantile_regression",2846.88077826824,0.0228247215600181,137.798705899907,66.4146252217417,244.638554785973,60.0624440184967,"wilcoxon",0.0189316035186449
"lm",2805.67233024982,0.0120688984570162,37.6847671201238,2.53346487525878,95.4730338311406,"anova",0.000335817624867273,0.483104174416543,0.132367195414471,"tweedie",4170.46914159325,0.0139079446366316,0.0923236996112358,2.4817120693351,0.229120839610872,0,1.5,"quantile_regression",2851.67163609522,0.00598295774440238,181.48244635973,48.1288351172646,240.019662460076,65.3118176273831,"wilcoxon",0.0065624235749749
"lm",2789.43452267742,0.00284476843471626,36.1856068414139,3.0217828088339,109.345044680607,"anova",0.00345886764500169,0.37125246634887,0.125450549700964,"tweedie",3983.00940087375,0.0030203253939829,0.0918158000268441,3.00276151267827,0.275700950576372,0,1.5,"quantile_regression",2832.00091571981,0.164111287080633,86.049899348009,24.2084767226661,225.805054449464,61.6158837420297,"wilcoxon",0.00270636373736845
"lm",2786.81182597129,0.769901439262021,35.9491232897423,0.292905083239951,10.5296809495852,"anova",0.503542408129327,0.0739581221508254,0.110360393265667,"tweedie",3840.55053677625,0.769979855931434,0.0854442957709025,0.292802345514027,0.0250182902125145,0,1.5,"quantile_regression",2834.7506224449,0.928427682623654,-5.58410466698803,-90.9401796731263,122.081531928471,62.0886285233128,"wilcoxon",0.729538475414741
"lm",2823.18972208009,0.0022129461962474,39.3717847712382,3.10058576459173,122.075595388271,"anova",0.00146299129223445,0.411988040334345,0.12766119082947,"tweedie",4307.30213327451,0.00248467168955793,0.0990191592040156,3.06443979598167,0.30343825202943,0,1.5,"quantile_regression",2867.34254882083,0.012671977173226,171.844002631041,93.099556113091,270.11109065177,68.3069454159425,"wilcoxon",0.00187586838275331
"lm",2817.85710993374,0.00849980251528637,38.8503818984915,2.65812446597435,103.269150636827,"anova",0.00171150080092857,0.439219167279612,0.138134265406942,"tweedie",4352.74068012845,0.00979670285755717,0.0980610759828847,2.60817198767441,0.255760151459772,0,1.5,"quantile_regression",2863.76879609765,0.00145685265273388,212.496864709351,81.2286384858365,298.110282793037,65.8197690747755,"wilcoxon",0.00520580329220417
"lm",2795.86577489612,0.338331184211079,36.7721060229041,0.959790582761732,35.2935210690993,"anova",0.0695719583009433,0.219578741716427,0.120344994117095,"tweedie",4057.37105316872,0.340261375000365,0.0900809295671382,0.955953607732891,0.0861131896076382,0,1.5,"quantile_regression",2848.83176621675,0.6773608400539,27.88186611216,-87.4539293914677,133.873337715878,66.9136759179437,"wilcoxon",0.225075311931107
"lm",2787.06091265178,0.0231437083678132,35.9715163807613,2.28884375792443,82.3331807311817,"anova",0.011268139020374,0.296277924425408,0.115813461089741,"tweedie",3917.9538886033,0.024702589927685,0.0872039796771124,2.26329058542055,0.197367946214414,0,1.5,"quantile_regression",2829.93119612603,0.0267949108493095,128.490717148642,40.5381647777854,206.495268384536,57.5902335227253,"wilcoxon",0.0176083583727112
"lm",2794.73769149924,0.000903124499073569,36.6685471147168,3.370144647085,123.578307775047,"anova",0.000247346321133451,0.471215453789006,0.126233709895816,"tweedie",4085.17923683428,0.00110086774254261,0.0926166678036411,3.31204364335096,0.306750445867397,0,1.5,"quantile_regression",2839.07538988017,0.00210035895184202,199.733869776942,96.7498512091113,267.828594395424,64.0834546566269,"wilcoxon",0.000667921447206441
"lm",2805.09958280765,0.027227865456536,37.6308460983041,2.22473754563577,83.7187561889385,"anova",0.017644192563639,0.291105060820008,0.121647087212685,"tweedie",4069.13450548832,0.028496221956774,0.0898807872197729,2.20653507636549,0.198325109691772,0,1.5,"quantile_regression",2852.73268388805,0.0934301304944931,113.702173772347,35.1276395601652,229.092717739724,67.4512859183476,"wilcoxon",0.0248161474620198
"lm",2806.24148669948,0.0355648360363516,37.7384266075262,2.1163424774343,79.8674352610446,"anova",0.00749175295762596,0.367372873072612,0.135966068296363,"tweedie",4227.42830042424,0.0385813968938824,0.0970246331890881,2.08250266282187,0.202054056975591,0,1.5,"quantile_regression",2854.76150118734,0.208167786651606,85.794553374128,-17.3049842453114,234.714878343821,67.9431743344802,"wilcoxon",0.0100498260177464
"lm",2828.57452321177,0.744368135703001,39.9053914982814,0.326530202506107,13.0303155670193,"anova",0.613916521017373,0.0684859301572161,0.135537628539598,"tweedie",4354.95668635891,0.744499400519388,0.0936704978251225,0.326356419388283,0.0305699682725249,0,1.5,"quantile_regression",2883.24563262182,0.925867443447093,7.540096670342,-59.5801725030603,138.504098425611,80.9335527468842,"wilcoxon",0.629401577977765
"lm",2776.93661900108,0.00694638582030088,35.0724765680678,2.72792610499756,95.6751243969473,"anova",0.00144561019032719,0.396863387673172,0.122837544480211,"tweedie",4007.13286269482,0.00802662151425888,0.0916963848065325,2.67807441642928,0.245569742229429,0,1.5,"quantile_regression",2821.21672703659,0.0457254779270875,120.376564433932,61.5724517683052,253.612044147673,59.8712948247333,"wilcoxon",0.00389102415584087
"lm",2827.81253522984,0.052636842755019,39.8294452870338,1.94959315317957,77.6512138265415,"anova",0.00960528408556175,0.35202331276056,0.134608904606034,"tweedie",4416.66565858742,0.0551103858183718,0.101500234373828,1.92940185502755,0.195834740486594,0,1.5,"quantile_regression",2875.73194275156,0.0816227305551158,124.986981553567,8.0865944807581,223.671495049581,71.4105963052016,"wilcoxon",0.0170341753795971
"lm",2799.28078773511,6.1353880940536e-06,37.0873930297474,4.64706520856946,172.347533825081,"anova",8.62395481858011e-05,0.530454762168911,0.132307074976823,"tweedie",4072.74141116207,7.35485608810617e-06,0.0906479297481356,4.60542357094624,0.417472112319543,0,1.5,"quantile_regression",2837.01553486275,0.00551641892856036,179.497476565379,103.094865232321,273.918494173524,63.968544426959,"wilcoxon",1.43630245278166e-05
"lm",2792.72823267344,3.48256768714398e-05,36.484799204407,4.23610058353677,154.55327920001,"anova",1.06859695691273e-05,0.544670329959284,0.120536027085558,"tweedie",3998.60377297607,4.97676788245172e-05,0.0936376469329853,4.14790430376049,0.388399998707335,0,1.5,"quantile_regression",2831.64498686677,0.00101759904112564,203.053051724495,126.720988196003,282.602059511751,60.8815132412818,"wilcoxon",1.58704770147445e-05
"lm",2785.74079592773,8.17180908045135e-05,35.8529955640691,4.02300839755313,144.236902231685,"anova",9.47714902128982e-06,0.557198068694067,0.122549342905506,"tweedie",4029.34400438561,0.00011821143591091,0.0967248132076996,3.92809735506324,0.37994448293015,0,1.5,"quantile_regression",2820.45704292399,0.0291882929545528,134.454031681825,89.3184399350119,267.086299090556,61.2017719578341,"wilcoxon",2.92257755600697e-05
"lm",2834.92704898113,0.0416127889185536,40.5442007063565,2.05070684563509,83.1442699393285,"anova",0.00741955316620776,0.377439093245398,0.139519180590479,"tweedie",4428.82023045066,0.0436139158637121,0.0957108677498436,2.03078443153216,0.194368140154816,0,1.5,"quantile_regression",2894.55146038419,0.100116528614003,138.225930093443,-56.021183618375,224.561101702383,83.6711324918705,"wilcoxon",0.0181994362543564
"lm",2797.96947979216,0.00427202568700687,36.9660096195861,2.89076439203596,106.860024323958,"anova",0.00445210289348775,0.311333755381903,0.108206929440867,"tweedie",3869.87462808242,0.00457728246698413,0.0864563987267468,2.86807496021458,0.24796343233851,0,1.5,"quantile_regression",2845.37835037107,0.25615475547681,70.257592942028,8.7981004511692,219.981026788466,61.6933974066716,"wilcoxon",0.00532502090543988
"lm",2783.4354202453,0.0190101996552343,35.6469533300706,2.36473280378126,84.2955198944775,"anova",0.057970176526673,0.235304588518904,0.12339087980962,"tweedie",3886.73908183323,0.0196060356598865,0.084655408022965,2.35294828093611,0.199189796779581,0,1.5,"quantile_regression",2820.6636647371,0.155209272886947,79.975161267315,33.4229117566207,199.014433283602,56.0516724409577,"wilcoxon",0.0200781356082981
"lm",2793.970749625,0.120187894831939,36.5983078623904,1.56071507105086,57.1195306557918,"anova",0.0212070399865304,0.279981700086458,0.120537499767171,"tweedie",3979.01182318933,0.123033177135671,0.0884166443209488,1.54877295320568,0.136937307337492,0,1.5,"quantile_regression",2838.98169317765,0.117644808847454,105.795516095104,21.6970446887959,188.829300631416,67.3179718245106,"wilcoxon",0.0983405143824425
"lm",2792.4118828719,0.0550944789214302,36.4559557142323,1.92952924539615,70.3428327194782,"anova",0.00521203588665382,0.339417515532354,0.120147476593853,"tweedie",3941.40459181788,0.0581064034972497,0.08771978070236,1.90594075600065,0.167188705148067,0,1.5,"quantile_regression",2841.27659682166,0.110280514846848,96.013593155812,-7.5191758962531,246.665389311578,59.8542052116365,"wilcoxon",0.038152231235347
"lm",2787.43145745662,0.395085685309933,36.0048544662383,0.852284931202628,30.6863949117186,"anova",0.284931281078474,0.13353549808444,0.124542415634362,"tweedie",4054.38929157781,0.396223511608472,0.0918978866980578,0.850231198400219,0.0781344503377373,0,1.5,"quantile_regression",2832.36992418692,0.507097142313742,44.131072019623,-39.7264652237599,161.910237044863,66.4051942370978,"wilcoxon",0.30191670664623
"lm",2802.74394551025,3.81865122490699e-06,37.4098858032901,4.754724484761,177.873700001016,"anova",6.09668810122961e-05,0.531207856532418,0.129653561300438,"tweedie",4167.02609521046,5.72919548880409e-06,0.0941660472842801,4.66272865121626,0.439070726644198,0,1.5,"quantile_regression",2841.7295987628,5.52833753220128e-07,335.793621004134,214.809332960978,404.787933992807,64.8670974002467,"wilcoxon",8.27421698790776e-06
"lm",2816.44815874535,0.0549707892610589,38.7137768975919,1.93052086945675,74.7377542362939,"anova",0.0102916336206313,0.336383168176177,0.12984428519932,"tweedie",4260.86941838531,0.0587899462794029,0.0959662941308305,1.90073053283528,0.182406065377521,0,1.5,"quantile_regression",2863.41549523058,0.0944468762680128,116.797627925443,34.3873023380305,240.250754649125,69.5038148608361,"wilcoxon",0.0288440508316432
"lm",2799.13033124429,0.111768073513901,37.0734455555002,1.59741423999107,59.2216498558898,"anova",0.0565492064305262,0.249100768996258,0.129874949847631,"tweedie",4133.80853013824,0.114650505555122,0.0907021096989826,1.58461138166014,0.143727595369594,0,1.5,"quantile_regression",2842.21424366286,0.179816320140193,79.529643120208,6.0626565366037,172.070201121602,59.0824692460397,"wilcoxon",0.0762819728833254
"lm",2813.70720118155,0.104466430730439,38.4494016845983,1.63106381020095,62.7134276116278,"anova",0.0838061103842935,0.2290556223876,0.131810075657587,"tweedie",4234.03969771825,0.106312374230101,0.09175411370942,1.6223837450235,0.148860382621201,0,1.5,"quantile_regression",2860.18670148975,0.260942561024628,72.748153761487,-13.1824320166074,165.636763942181,64.5280183557992,"wilcoxon",0.0887890486319602
"lm",2801.2456129472,0.101807215976517,37.270016804482,1.64378646005759,61.2639489893264,"anova",0.0377474322468423,0.277338375816511,0.1325947286304,"tweedie",4064.32372656525,0.103045038371362,0.0889291484568047,1.63783155405176,0.145650965417508,0,1.5,"quantile_regression",2848.78970171581,0.164886687420054,94.333562210504,9.97953563820919,166.134071844203,67.6722057286317,"wilcoxon",0.115876183420444
"lm",2802.09753472849,0.000892952072763695,37.3494792419329,3.37344550367172,125.996432813179,"anova",0.000411591900523749,0.451540101051564,0.125651588749225,"tweedie",4138.69356800299,0.00108165618293674,0.0941246871285754,3.31724141989858,0.312234310777905,0,1.5,"quantile_regression",2848.98762627013,0.00879844169504818,169.692771643488,81.4848666191872,298.589196495395,64.1307781135644,"wilcoxon",0.000523585805860179
"lm",2798.26120558871,0.0102359064400121,36.9929792995841,2.59259884723936,95.9079554880514,"anova",0.00243716920623566,0.39274614142982,0.127910052436654,"tweedie",4125.74549031777,0.0116040627541896,0.0933535568557114,2.54765744549173,0.237832884186589,0,1.5,"quantile_regression",2836.9171885072,0.0516145772069259,112.567110369412,49.3898955537522,209.002919456805,57.4858196698073,"wilcoxon",0.00661105040119415
"lm",2810.11524809015,0.00148968152964412,38.1056761836182,3.22174727412885,122.766858373409,"anova",0.0134705108887648,0.332051690857343,0.133169947730436,"tweedie",4266.05057815123,0.00158871554571223,0.0957623858944527,3.20228183169559,0.306658148509627,0,1.5,"quantile_regression",2853.48076444848,0.000454161817964316,223.118043174145,87.6385348446165,295.244506828264,62.5647999508866,"wilcoxon",0.00317370896040676
"lm",2811.18927671659,0.154892537942922,38.2081301377907,1.4279120420608,54.5578491283774,"anova",0.1045887260517,0.224525900124288,0.13770497991688,"tweedie",4200.25176285634,0.155642659673162,0.0930158057308417,1.4253080105649,0.132576173017317,0,1.5,"quantile_regression",2852.30180783892,0.320670701948505,57.890583217666,-0.790384601903483,168.327880994202,58.1477543176409,"wilcoxon",0.156077736281608
"lm",2796.02357483842,0.0298359838520646,36.7866154752258,2.18805616308531,80.4911807096172,"anova",0.00943946684111276,0.321799984280487,0.122763127491604,"tweedie",4034.96557704603,0.031114381069378,0.0905625046953113,2.17108210363929,0.19661863320474,0,1.5,"quantile_regression",2843.34920415002,0.0909087565930902,102.0484796523,-45.7814538985868,244.826513538709,60.0673989680724,"wilcoxon",0.0211476836370961
"lm",2803.69630308354,0.00667068614037086,37.499060889528,2.74177071645406,102.813827041435,"anova",0.00638350843661275,0.37816817062,0.137178778830495,"tweedie",4278.83960763032,0.00735730111056604,0.100027828020575,2.70818754325274,0.27089411782395,0,1.5,"quantile_regression",2839.49037789231,0.0164000971502043,143.288423720527,78.574872567169,239.731172216005,59.1969431411304,"wilcoxon",0.00338041434503075
"lm",2827.20125502057,0.0745493925982831,39.7686243930061,1.79268771817043,71.2927245178751,"anova",0.00825174573761222,0.350435985038936,0.131325458646927,"tweedie",4259.78221199621,0.0771603968833263,0.0905648802863991,1.77665553436508,0.160902595779942,0,1.5,"quantile_regression",2877.9589923044,0.475177387382473,51.902675132957,-14.5130641899626,178.568310441432,72.5460790490065,"wilcoxon",0.0581125310661814
"lm",2811.15007319636,0.0959323535141381,38.2043855882857,1.6728689445557,63.9109301964746,"anova",0.0233309843549724,0.311280308715795,0.136186237741804,"tweedie",4259.62385511774,0.0984063217548649,0.0928794948980335,1.66045204649124,0.154221947380513,0,1.5,"quantile_regression",2866.17329419507,0.325181475678702,69.929621770599,-41.90445074804,198.662180385864,70.8997670584803,"wilcoxon",0.0734889060961072
"lm",2809.87694930155,0.0250906513364725,38.08298160322,2.25714893214278,85.9589612585211,"anova",0.0102017132427771,0.343157176914278,0.13229954653144,"tweedie",4230.05554773428,0.0273218916436587,0.0969176614288712,2.22336313960818,0.215483155997978,0,1.5,"quantile_regression",2850.0165833047,0.00692456547143139,164.765988822957,44.456879661314,249.231934194132,60.3758794074801,"wilcoxon",0.0118874178359165
"lm",2816.92963058419,0.00741412517043991,38.7604039373488,2.70553685792014,104.86770148037,"anova",0.000801329240386854,0.43154301597373,0.126742902614466,"tweedie",4205.62508440498,0.00869197068466031,0.094237623512808,2.65030708068701,0.249758640863112,0,1.5,"quantile_regression",2865.10386991705,0.0440244623825663,162.134635221003,86.881934210183,309.734826931856,79.9956270128623,"wilcoxon",0.00270636373736845
"lm",2822.37846541109,0.103526559735773,39.2920141342433,1.63553053683665,64.2632889703723,"anova",0.141717790873323,0.204983154199624,0.138942491905797,"tweedie",4383.04337316549,0.104363362573961,0.0948869795223753,1.63155206638753,0.154813047513003,0,1.5,"quantile_regression",2877.58985288854,0.102905707342134,120.812666733318,4.78567467098318,230.862481658799,73.7337457515786,"wilcoxon",0.111414398524512
"lm",2788.71080112807,0.000231576346344749,36.1201952753392,3.7506126525729,135.472861413091,"anova",0.000109766640628838,0.495202852836394,0.12545391084453,"tweedie",4075.26320564871,0.000302605985551435,0.0947602782807025,3.67820703504327,0.348547922214738,0,1.5,"quantile_regression",2820.19355493414,1.1494154210645e-06,241.358890084504,154.533032036157,296.984234377001,48.0812633367767,"wilcoxon",0.000283801164493237
"lm",2805.27998905386,0.221457472826016,37.6478220254358,1.22652571042463,46.1760216556877,"anova",0.093450837928289,0.219036779255454,0.129946966582133,"tweedie",4169.70662116533,0.222292498072237,0.0915603440328703,1.22430344776009,0.112097644877543,0,1.5,"quantile_regression",2859.90915999285,0.419692705051043,51.63566817472,-56.5378527620208,188.388462618276,63.8549380598234,"wilcoxon",0.216780978883205
"lm",2786.49864185536,0.568055103092684,35.9209875697649,0.571875328484299,20.5423265659397,"anova",0.312260164150869,0.125683319912649,0.124061079789924,"tweedie",4001.23108898497,0.568255617051779,0.0924286575616096,0.571578823578922,0.0528302633540438,0,1.5,"quantile_regression",2823.23621159077,0.872059004032201,9.53368968027797,-82.4618910192592,91.8512400192043,59.122766220009,"wilcoxon",0.529236039774548
"lm",2805.98573349493,0.412353083045967,37.7143050109681,0.821493844754437,30.9820694257017,"anova",0.19345941595949,0.171380863500869,0.131341725617696,"tweedie",4153.32174506881,0.413320364185646,0.0920705660024242,0.819792120894334,0.0754787245750691,0,1.5,"quantile_regression",2849.75680476067,0.967916068610061,2.53202007825001,-54.8111337923784,102.27789236998,62.8714245291174,"wilcoxon",0.373135615429005
"lm",2793.56901406387,0.00178832499504229,36.5615692101435,3.16624977469441,115.763060274091,"anova",0.000356778449004032,0.44779461213935,0.123254453845389,"tweedie",4061.71892718458,0.00201221964085116,0.0957295774231553,3.13002303621669,0.299635782581765,0,1.5,"quantile_regression",2825.65127736598,0.0996198968866977,100.119400357613,50.9103338173718,172.431713365641,60.5151166061353,"wilcoxon",0.000763308247826814
"lm",2784.38496473161,0.000561844091483341,35.7316747687248,3.50640632513225,125.289770416625,"anova",0.000105681695087851,0.485034762674149,0.122573848417276,"tweedie",4016.47770803145,0.000746344162331378,0.0910469906512689,3.42538228090969,0.311870748507006,0,1.5,"quantile_regression",2828.58249986177,0.00717773577187408,168.68272935823,107.433810745996,297.367637409501,62.0913337786401,"wilcoxon",0.00034577944484605
"lm",2804.8036581554,0.0218311360257041,37.6030166562318,2.31155521998497,86.9214494388945,"anova",0.0172413178498587,0.31796639927232,0.132389779736624,"tweedie",4227.23338379693,0.0230827627493082,0.0936207915247991,2.28987301846185,0.214379724479679,0,1.5,"quantile_regression",2849.67279553415,0.0377972116571532,137.475545517802,77.7122790484753,224.595312870406,65.7439527734292,"wilcoxon",0.0180798496797945
"lm",2797.82812094843,0.04644313163219,36.9529482467051,2.00390540180067,74.050212604033,"anova",0.0419361528921904,0.273236365320446,0.133453140623866,"tweedie",4210.07832427045,0.0461087104108685,0.0978160124661226,2.00700890483628,0.196317608055085,0,1.5,"quantile_regression",2839.48546288365,0.836048145988474,13.495268970224,-25.2277655633094,144.8817146784,65.1241674014052,"wilcoxon",0.0638378712269668
"lm",2803.25435225284,0.111699647503051,37.4576519168757,1.59772133822948,59.8468897475646,"anova",0.0502098015179162,0.249044552195639,0.126405901624921,"tweedie",4172.13017730545,0.11361415622666,0.0989034131991245,1.58918479137685,0.157175800071309,0,1.5,"quantile_regression",2832.75365500526,0.140293978852368,75.010528926785,26.5154300259861,137.773262979424,50.6611344625877,"wilcoxon",0.0750745198404335
"lm",2789.21601219837,0.000455573281419302,36.1658449039296,3.56532487709429,128.942986537114,"anova",0.000251118142301998,0.45942521803897,0.123209972797374,"tweedie",4045.92415934182,0.000604456824805555,0.0925619998693833,3.48568447790607,0.322641926188653,0,1.5,"quantile_regression",2829.84714429883,0.00153477532463686,188.859614973278,101.717462118552,299.002443057758,58.7846019656821,"wilcoxon",0.000230135691557265
"lm",2807.43577832675,0.0215048304873661,37.8512717034458,2.31738670490271,87.7160338092254,"anova",0.0490692177576393,0.270965527550338,0.136839400920067,"tweedie",4247.27410447632,0.0220409634605429,0.0970590833058325,2.30784558943317,0.223997377321793,0,1.5,"quantile_regression",2853.00509329931,0.153041809757552,99.942801181405,19.8751015436437,202.932982960623,69.6767358891782,"wilcoxon",0.0229916507373383
"lm",2788.02630593681,0.00393615386224753,36.058437881276,2.91750922167722,105.200825037898,"anova",0.00343054906160574,0.391987882068924,0.13233896499451,"tweedie",3995.69461497416,0.00427509335644158,0.0878175269786092,2.89052910491352,0.253839117653198,0,1.5,"quantile_regression",2830.99903555912,0.0147201445204155,151.656959912186,65.9736430557341,222.729267567059,61.6297554632648,"wilcoxon",0.00359930717408643
"lm",2787.55742401749,0.132180398653756,36.0161947709975,1.51179502452217,54.4491040570155,"anova",0.222600331558922,0.149877153792355,0.122500124476601,"tweedie",3941.47345576224,0.13332445429256,0.0858628212940689,1.50731233337653,0.129422089515055,0,1.5,"quantile_regression",2836.6704385697,0.0685922840614985,114.133026301931,3.44869010050957,206.523832022303,62.3311660357001,"wilcoxon",0.140982588616749
"lm",2814.14564301828,0.140892088825246,38.491569356205,1.47839136346473,56.9056037024171,"anova",0.033321500163975,0.298265618427004,0.139171816707573,"tweedie",4328.25406146183,0.143118053574396,0.0926314854438391,1.47011429202733,0.136178870642709,0,1.5,"quantile_regression",2866.4096357778,0.613898441327007,37.324758323453,-33.1009881487682,177.4340093754,73.8640915364794,"wilcoxon",0.0993391684978243
"lm",2778.32994736969,0.00157073570883711,35.1948582831172,3.20573059003175,112.825233810021,"anova",0.000397892012715813,0.457866193370609,0.127080040103789,"tweedie",4011.0845878315,0.00182856353031474,0.0921042634453597,3.15944044216728,0.290997934825299,0,1.5,"quantile_regression",2821.20137673858,0.0239242018322152,141.470680911944,34.8008149317338,216.638747679413,62.1611977579807,"wilcoxon",0.00112098013634305
"lm",2838.44450769923,0.0434928693215549,40.9023042975884,2.031967161172,83.1121391489638,"anova",0.00669869017265549,0.362208539723549,0.132176445468839,"tweedie",4421.20436481572,0.0458963710466389,0.0974684065445995,2.00898938887092,0.195812994498258,0,1.5,"quantile_regression",2898.9051496878,0.113984697037829,135.407587016008,13.0215307476295,305.591322343918,85.2936566015924,"wilcoxon",0.023287392170647
"lm",2825.56601926277,0.220687239496747,39.6063785650766,1.22858091200226,48.6596406985886,"anova",0.0155001516115577,0.292005092961905,0.119595198424521,"tweedie",4157.5972266327,0.224693353193942,0.0904276569781265,1.21794738133172,0.110136128016472,0,1.5,"quantile_regression",2886.39831367859,0.34040833707886,82.802791698782,-60.1862015166673,184.371389769916,86.6444287014973,"wilcoxon",0.0892481781985613
"lm",2792.80227134937,0.00881015379308478,36.4915530450067,2.6455763496109,96.5411896964414,"anova",0.00311507778087351,0.419641256709201,0.140211613801187,"tweedie",4123.24075597611,0.0094684079966528,0.0904800954887462,2.62022743709898,0.237078428710948,0,1.5,"quantile_regression",2828.60527296258,0.00230083277315152,171.884124589146,70.024367778888,219.072723490465,55.6535457502064,"wilcoxon",0.00865417975189649
"lm",2806.28598733239,0.5439181344658,37.7426253007501,0.607948781378395,22.9455830576124,"anova",0.322815921591933,0.129026659460538,0.130177093529589,"tweedie",4207.29500081237,0.544511847034822,0.0942191790781884,0.60705206733127,0.0571959474416694,0,1.5,"quantile_regression",2855.82869902444,0.491891384994414,46.291989206091,-57.6632830300895,165.835031046524,67.227846306131,"wilcoxon",0.465786626527973
"lm",2816.70953799641,0.090699832959112,38.739082609704,1.70000714043766,65.8567170505011,"anova",0.0410862463538795,0.27077422227968,0.131694114086001,"tweedie",4224.77894780844,0.0933752997319238,0.0908963059707556,1.68597730317248,0.153249108808915,0,1.5,"quantile_regression",2873.9163264065,0.324163003570778,71.239309037152,-53.2742816727144,251.483799162761,72.07537050351,"wilcoxon",0.0783295570393291
"lm",2807.54191860109,0.0190700048866337,37.8613168970437,2.36353539543054,89.4865626037751,"anova",0.0074031924835812,0.342527442612319,0.12657860124565,"tweedie",4055.82914416874,0.0202983815495279,0.0870265649301583,2.33964451434965,0.203611225241538,0,1.5,"quantile_regression",2855.41553593747,0.106438520905896,107.839026651335,38.4402685988426,223.545877394049,66.4936245267663,"wilcoxon",0.0144029269983949
"lm",2801.8165490978,0.000558872498242597,37.3232517874815,3.50790583032873,130.926452552134,"anova",6.20314175178399e-05,0.495777575079638,0.121134650722751,"tweedie",4069.68007634981,0.00075099382273606,0.0941804075374278,3.4235938415062,0.322435463235682,0,1.5,"quantile_regression",2842.85596251905,0.000807306638310301,198.647741954842,103.836931000605,320.13405037163,58.3791156848527,"wilcoxon",0.000308966610915842
"lm",2795.01404798391,0.0262576485683613,36.6938898451902,2.2391658994754,82.1637068604567,"anova",0.00179404937820005,0.397521704523286,0.125588463153018,"tweedie",4088.59119018953,0.0281518608666959,0.0977785971912822,2.21140635324263,0.216228211039953,0,1.5,"quantile_regression",2823.02114493272,0.144845915770547,77.993897250386,12.7804572803059,162.829518281144,53.2833375463286,"wilcoxon",0.00903409987925683
"lm",2805.5199637564,0.0810971734507308,37.6704151142002,1.75330486061859,66.0477219212473,"anova",0.00663148715610925,0.385733452483993,0.140584632480112,"tweedie",4243.28911896786,0.0847764608516602,0.0964396077896751,1.73230529089763,0.167062842826146,0,1.5,"quantile_regression",2848.86786219873,0.141798933353964,97.846743026174,-11.0075831350029,200.250431695011,66.3364509764249,"wilcoxon",0.0292037937368803
"lm",2792.02028821328,0.0782067799373624,36.4202832846658,1.77035540221759,64.4768452633031,"anova",0.011660789488375,0.299731817521694,0.117731251794783,"tweedie",3954.48697376017,0.0813018710798589,0.0901896431417329,1.75211631080661,0.158022744814458,0,1.5,"quantile_regression",2831.48994970587,0.0529395253898939,111.245309525519,17.596544301966,167.135932923199,57.1344305506455,"wilcoxon",0.0414492265051935
"lm",2792.64544364828,0.085614701673279,36.4772486334161,1.72762529636032,63.0190174807146,"anova",0.0300992039178193,0.254959271560611,0.116712315130594,"tweedie",3921.59479107519,0.0874804069224152,0.0893240509174721,1.71734128137118,0.153399880059876,0,1.5,"quantile_regression",2829.61491804585,0.301976736457604,55.847382111109,-13.9560335996417,152.934951465737,53.9639037828776,"wilcoxon",0.0631410085937841
"lm",2812.89938735152,0.00245692866454371,38.3718301440746,3.06795842372421,117.723179524228,"anova",0.00305518081493267,0.398888003933726,0.133002288254546,"tweedie",4324.00936581255,0.00271053338962743,0.100422462554258,3.03706998954963,0.304990047300209,0,1.5,"quantile_regression",2853.53176141243,0.00273032579146104,204.731234148905,87.8465290413066,280.874774459676,67.4618007250129,"wilcoxon",0.00228406650574488
"lm",2793.69427006863,0.189014411894522,36.5730198931013,1.31803601010045,48.2045572172277,"anova",0.0461371367671203,0.261383312187149,0.130252421443064,"tweedie",4101.75887559471,0.192722216319991,0.0887739623921302,1.30701878296172,0.116029236284451,0,1.5,"quantile_regression",2838.22295192258,0.152372492479672,90.521351295435,41.5418597852268,207.993068823415,63.0050515758299,"wilcoxon",0.128871726062857
"lm",2797.99586913058,0.00103919395091617,36.9684484713795,3.32904198207226,123.069516973298,"anova",0.000867890308856461,0.405440235148894,0.119891363433758,"tweedie",3987.20480666878,0.00123797475047417,0.0888682680045122,3.27722819883314,0.291241593885849,0,1.5,"quantile_regression",2841.93717418492,0.00222808835429733,189.908281216948,131.965473319928,316.087027327014,61.2910566246304,"wilcoxon",0.000918212929927522
"lm",2815.4104760988,0.234122090203299,38.6134755189211,1.1934477002729,46.0831635576003,"anova",0.0290196765771964,0.278878900214206,0.126807672673361,"tweedie",4215.70985209535,0.238005665102116,0.0955935257974092,1.18356162720117,0.113140828942678,0,1.5,"quantile_regression",2858.12973626964,0.16731975959156,95.569278981383,11.8008646205171,148.273087809632,68.9555730379404,"wilcoxon",0.124020913522365
"lm",2777.13132049826,0.000185024426290623,35.0895523828326,3.81054331293566,133.710259186308,"anova",7.39177480287055e-06,0.508496234568618,0.110440153105312,"tweedie",3811.40454728981,0.000285813905308514,0.0869613157541636,3.6937493486944,0.32121330342855,0,1.5,"quantile_regression",2811.2696732877,0.000883252016359748,184.581485118067,101.126898100484,244.549955471262,54.6644749917995,"wilcoxon",7.58752407553657e-05
"lm",2808.06888456805,0.0663693344191328,37.9112288308601,1.84610818231377,69.9882297462207,"anova",0.0108096364774158,0.31745910765193,0.123374466493581,"tweedie",4122.68510945531,0.0699519422146713,0.0912085066213971,1.82207747152157,0.166188965125974,0,1.5,"quantile_regression",2857.17864054622,0.0477028277912459,138.351705911919,72.8171567745346,265.541109198654,69.4403269979912,"wilcoxon",0.0482137116807411
"lm",2789.46141529927,1.1406097813507e-05,36.1880397378002,4.50347590301817,162.971964936647,"anova",6.52420830489549e-06,0.588788832039256,0.12708637451878,"tweedie",4082.42636219729,2.01000134576772e-05,0.0949720925988458,4.36927310146121,0.41495900958162,0,1.5,"quantile_regression",2821.78583894278,2.52706284409321e-06,257.643936853667,160.785943583552,318.563039759186,53.1548662451832,"wilcoxon",8.96003655704223e-06
"lm",2806.20890444462,0.0919326554464187,37.7353527251358,1.69350131978579,63.9048696425996,"anova",0.0152517224337425,0.295405616391291,0.120690927075166,"tweedie",4146.71512419864,0.094931314272713,0.0998664557186919,1.67796662743791,0.167572579896471,0,1.5,"quantile_regression",2841.1925105617,0.19488137475141,81.678203133239,-4.88820167224359,205.329294442453,62.796765979902,"wilcoxon",0.0269329204589403
"lm",2811.49178897035,0.00220211607086779,38.2370371362142,3.10210980804319,118.615487930762,"anova",0.000565052363437113,0.435506337629411,0.124260120225673,"tweedie",4118.82191458442,0.00282514424322021,0.0889387190549817,3.02397570980031,0.268948526083019,0,1.5,"quantile_regression",2858.54470376891,0.00565964246558925,197.941780903581,54.9892520895759,318.632051050033,70.758595298511,"wilcoxon",0.00161494797383123
"lm",2772.56163543644,0.00753821498270075,34.6909629944952,2.69981165138785,93.6590660904032,"anova",0.00013628899548087,0.479469313988237,0.123223626427631,"tweedie",3987.44020215857,0.00895514673134339,0.0949096245675141,2.63984987283554,0.250547160345421,0,1.5,"quantile_regression",2805.28477456568,0.0241975007628592,125.258301737687,64.7612221381342,207.119404834598,55.1455720433707,"wilcoxon",0.00168385592230395
"lm",2814.33848368875,0.0165926562251762,38.5101306801737,2.41616167979236,93.0467020332317,"anova",0.00362413458466423,0.410146800531684,0.139302146165355,"tweedie",4345.1072887534,0.0178581824780146,0.0987146028027015,2.38847170660658,0.23577703582316,0,1.5,"quantile_regression",2864.27119746876,0.0456675323312514,148.55275347707,-5.40159175355895,234.77258569906,73.8652248849475,"wilcoxon",0.00983889901182563
"lm",2800.03717069029,0.0252029185519337,37.1575900584752,2.2553875925201,83.8047675858331,"anova",0.0169699002583543,0.286272836860183,0.118898014438599,"tweedie",3984.46915270044,0.0265258735072848,0.0883999865611694,2.23513126135755,0.197585573466457,0,1.5,"quantile_regression",2844.92598384834,0.0267551224013416,139.822716582963,69.7735582769686,243.681607275424,62.6526999924494,"wilcoxon",0.0238887955514705
"lm",2794.60059033652,0.0877645890790986,36.6559810172617,1.71579052290621,62.8939848372477,"anova",0.013865741332394,0.296780286702784,0.119533094208386,"tweedie",3999.69335306572,0.0907958200250645,0.0904634369742646,1.69949803662542,0.15374243352415,0,1.5,"quantile_regression",2841.25158891953,0.116950380477964,103.163836066199,15.5054452686442,225.21938634786,65.518407492617,"wilcoxon",0.0482137116807411
"lm",2813.70143477885,0.00930954844615354,38.4488474017593,2.62619641613297,100.974225250944,"anova",0.00110066089824478,0.436943189841966,0.13192334210598,"tweedie",4241.42378615019,0.0107316606156938,0.0952001295480579,2.57572482718681,0.245209337228334,0,1.5,"quantile_regression",2860.08901230949,0.00937674291431057,184.621654315151,89.4924214362321,265.694437277079,70.3679647292483,"wilcoxon",0.00520580329220417
"lm",2828.29128998234,0.101852214823272,39.877145167572,1.64356896582382,65.5408382430725,"anova",0.0617734156691755,0.246342618685642,0.131133346564428,"tweedie",4327.47202404823,0.103803858227393,0.0971246049782311,1.63420931412331,0.158721934085973,0,1.5,"quantile_regression",2879.15599970807,0.108778282007843,118.65817042655,23.3386869296594,245.829644881527,73.6561515821888,"wilcoxon",0.0742782554124742
"lm",2801.96445960502,0.00147145955394288,37.3370555922416,3.2254592032841,120.429149583526,"anova",0.000354391879652195,0.452475649595164,0.124479613717785,"tweedie",4137.69099699446,0.00168707502071738,0.0954232916222353,3.18403272323117,0.303830883083628,0,1.5,"quantile_regression",2847.7714493071,0.0135185718821647,160.271826131779,63.9509170989468,249.813982259046,64.3109811237354,"wilcoxon",0.000878891386750172
"lm",2812.20993051374,0.0872202571477976,38.305747809904,1.71876449169106,65.8385591633355,"anova",0.0331368209312014,0.249600380107212,0.116340928627797,"tweedie",4038.02297642586,0.0904976442621186,0.086334504230493,1.70108095517952,0.146861980921357,0,1.5,"quantile_regression",2868.44293127128,0.124713930966854,113.498414611978,-5.89270058019849,251.060596221238,73.6132549905978,"wilcoxon",0.0925158660042289
"lm",2819.00314095238,0.181587335195485,38.961850862708,1.34059727344432,52.2321510348905,"anova",0.118927454441128,0.200096047256286,0.127768994986353,"tweedie",4234.78101166661,0.182698716106722,0.0953094289261946,1.33717795838815,0.127445667586669,0,1.5,"quantile_regression",2866.64294118972,0.385935790549266,61.769050660731,-25.8847171777705,157.241256480312,71.0860847388462,"wilcoxon",0.166303405574386
"lm",2802.66371082095,0.00430880908354553,37.4023826294231,2.88795325797792,108.016332770779,"anova",0.000641645102857837,0.454313025706438,0.130975352898587,"tweedie",4187.45520744616,0.00494917186758656,0.0954265205521461,2.84222894689721,0.271224019014991,0,1.5,"quantile_regression",2847.2831216733,0.0422187251961197,126.549330173475,49.786253274036,230.049663301291,61.8947301685807,"wilcoxon",0.00255826303724264
"lm",2787.3472187774,0.0022173837509216,35.9972727611425,3.09996328873266,111.590224054038,"anova",8.33749627633589e-05,0.449655454279811,0.111913281344044,"tweedie",3886.23192243082,0.00294370490739909,0.087952135846843,3.01093473894917,0.264818141186036,0,1.5,"quantile_regression",2819.79536517144,0.00105403719133257,168.446987053589,114.322556864927,274.900293667303,50.6627796167369,"wilcoxon",0.000776941754186243
"lm",2817.70584208925,0.728990083977748,38.835692642364,0.346959690276473,13.4744198908669,"anova",0.233076917958637,0.163635208714128,0.136804065314465,"tweedie",4391.88445469579,0.729302145842563,0.100001869985733,0.346543701162456,0.0346550181480226,0,1.5,"quantile_regression",2869.21143317105,0.831678194702028,16.546426093361,-62.8227148994549,149.542343741651,77.7446470998926,"wilcoxon",0.526042046990026
"lm",2802.91231040081,0.0104891865754706,37.4256353959791,2.58388859048645,96.7036722913761,"anova",0.00294659030614845,0.367643651722169,0.122115455829423,"tweedie",4078.37150556912,0.0116136486402033,0.0943653442049548,2.54735967389368,0.240382472440799,0,1.5,"quantile_regression",2838.6400098017,0.0196904468188213,124.551925081521,43.1881778762498,235.251653139463,52.9714175698602,"wilcoxon",0.0048995890517606
"lm",2789.33508554888,0.018118429359562,36.1766124773303,2.38299328188603,86.2086244948724,"anova",0.0066822803346793,0.344805609931893,0.125787377171933,"tweedie",4127.36593646154,0.0195052342060885,0.096643532159546,2.35491958598849,0.227587746741623,0,1.5,"quantile_regression",2826.08707681717,0.0288841097323758,120.81833403553,32.4106625750676,207.83498624925,54.8897579325658,"wilcoxon",0.0114020534421705
"lm",2800.95231510283,0.0303272670055907,37.242698782131,2.1814599573642,81.2434560973953,"anova",0.00257571845186836,0.405469455020422,0.132804016344911,"tweedie",4167.38972004281,0.0323554314181567,0.0928657737673125,2.15517134864017,0.200141654892612,0,1.5,"quantile_regression",2847.84400812283,0.0596066085384064,123.284627170698,6.18351848791327,200.541288239627,65.072559692251,"wilcoxon",0.0178427395342886
"lm",2790.38623681713,0.000162542095849839,36.271805230244,3.84481561848723,139.458403259969,"anova",8.70546866499434e-06,0.528443751849924,0.115723090175954,"tweedie",3973.81035893555,0.000243896291576797,0.093163159186744,3.73666718952693,0.348119720205781,0,1.5,"quantile_regression",2825.91991728275,0.00179028533660408,176.148948167308,88.6290644537004,275.050131687515,55.6391947455005,"wilcoxon",4.81195660919925e-05
"lm",2788.69487393397,0.00769529943346485,36.1187570705699,2.69268503236162,97.2564365514291,"anova",0.00433093961530587,0.338459776695196,0.117265357560639,"tweedie",3909.31630578744,0.00828855345551733,0.0858614006301339,2.66690397766892,0.228984110868729,0,1.5,"quantile_regression",2836.87568778995,0.110984720481339,102.250413878851,40.336643529333,223.233814304959,63.8690281800495,"wilcoxon",0.00865417975189649
"lm",2792.25437611746,0.0824635562516007,36.4416033919913,1.74541710154073,63.6057977679465,"anova",0.00861761970181095,0.361910017197112,0.136399291302342,"tweedie",4078.41262683272,0.0857818151945239,0.0907099067627698,1.72669674801339,0.156628501019872,0,1.5,"quantile_regression",2833.09933681398,0.167177531012205,80.898404245148,-25.3987189815679,151.090751030993,58.3505340317304,"wilcoxon",0.0421862787416248
"lm",2789.13249687362,0.0202022284818872,36.1582946864506,2.34146805438262,84.6634919092769,"anova",0.0109015263226282,0.292594844258801,0.113845546750877,"tweedie",3884.2696272301,0.020982804453201,0.0854574722089946,2.32687943264069,0.198849234448573,0,1.5,"quantile_regression",2843.07683165152,0.361293061074741,59.094711508191,18.2694002376549,221.578117817523,64.5828292620253,"wilcoxon",0.0164764876074447
"lm",2828.07026625033,0.033614728085052,39.8551167655143,2.13955636621253,85.2722688017998,"anova",0.0253729402420252,0.306066013307492,0.135864301073798,"tweedie",4363.55762736964,0.0349974536880616,0.0969915232166703,2.12298119558752,0.205911179920381,0,1.5,"quantile_regression",2871.37695576472,0.0365402435251159,127.076807598754,61.0174817694106,224.941948337382,60.365030647551,"wilcoxon",0.0241945167375841
"lm",2800.66069807439,0.332863786784898,37.2155571641563,0.970736631491023,36.1265046005946,"anova",0.212520816492204,0.142963615672972,0.114307113528919,"tweedie",3911.9953757481,0.333363422910004,0.0834761901479247,0.969731506363333,0.0809494916176191,0,1.5,"quantile_regression",2855.16867088231,0.613627154532179,36.43531191936,-87.2877330814708,79.1795666274773,72.048728727433,"wilcoxon",0.262588581230821
"lm",2816.12062572078,0.00512922866174266,38.6820897714875,2.83034551498767,109.48367929508,"anova",0.00300758767792375,0.417639729656186,0.139022922750968,"tweedie",4326.95739251133,0.00566715522784898,0.10050845114351,2.79697802850379,0.281119929527343,0,1.5,"quantile_regression",2859.17979393232,0.0758162178001851,119.91080865444,36.7718497437004,277.287062947752,67.1824777666876,"wilcoxon",0.00365600791800298
"lm",2814.4256425154,0.053046639619767,38.5185228389641,1.94619359483237,74.9645024315963,"anova",0.0221300461951607,0.299514601896836,0.129869140117395,"tweedie",4168.70186717886,0.0564091768940625,0.0900361003530566,1.91910317406754,0.172788565968215,0,1.5,"quantile_regression",2867.01832623675,0.00727937138075019,209.549263818294,70.6724971324785,318.613783647242,77.2716159630746,"wilcoxon",0.0513428969257157
"lm",2781.8461472254,0.021382608538427,35.5056024694833,2.31959095802978,82.3584744476133,"anova",0.0123237304467426,0.290680172449185,0.115080288681582,"tweedie",3885.60266497319,0.0226241292697384,0.0894930533688422,2.29769572047707,0.205627805738015,0,1.5,"quantile_regression",2812.49885725707,0.0450944230763706,105.341869087387,48.8106782495247,166.554204456731,52.2389185937222,"wilcoxon",0.0156175186830487
"lm",2808.43071468497,0.0940711921061116,37.9455379069934,1.68238148224975,63.8388703087314,"anova",0.0794601672300551,0.236323643481381,0.134053966982498,"tweedie",4250.83724519434,0.0939248529203205,0.0998114036803255,1.68313585811398,0.167996152583045,0,1.5,"quantile_regression",2843.17464973663,0.573627085404392,34.685396568876,-35.4976669940877,124.667904288043,61.536623656433,"wilcoxon",0.105502110678596
"lm",2801.80801098637,0.00151433530868375,37.3224551207774,3.21679167979454,120.058563102022,"anova",0.00220778671680967,0.411709258844836,0.132753298298948,"tweedie",4139.94497287007,0.00167841482081619,0.0927787836516114,3.18559933183864,0.295556031209375,0,1.5,"quantile_regression",2844.35646512037,0.0090962010671567,171.045680333673,48.942847765078,252.26397037868,64.928779762327,"wilcoxon",0.00193887627357343
"lm",2800.43675212183,0.0326485361599997,37.1947273121536,2.15149070400102,80.0241100499514,"anova",0.012015119624971,0.296406370310553,0.116921824387493,"tweedie",3972.66895519958,0.0347381097596111,0.087343803461669,2.12604655185951,0.185696992175976,0,1.5,"quantile_regression",2852.75174780672,0.0668073877926325,128.11682657266,63.933474951087,272.212685345955,69.5111072167835,"wilcoxon",0.027442976251373
"lm",2803.99740879922,0.535329117143622,37.5272994706078,0.620976739854138,23.303580080788,"anova",0.480668386550437,0.0872424481298544,0.123474314210982,"tweedie",3998.29704562348,0.535078638399887,0.0847165935048175,0.621358250307158,0.0526393543121361,0,1.5,"quantile_regression",2861.16114666628,0.952563585863181,4.62553419516701,-78.1692837783601,108.911751677741,77.6575572035373,"wilcoxon",0.555138078405065
"lm",2827.00012678586,0.00183166234586259,39.7486329364332,3.15892181826144,125.562823828964,"anova",0.000875056192895263,0.425718403013979,0.125976836528138,"tweedie",4224.70070048328,0.00224755194322449,0.0923928573035283,3.09576169775352,0.286026268786269,0,1.5,"quantile_regression",2873.60876815273,0.000421401234764085,241.699535650406,149.70980788274,327.909036902871,67.3812085909628,"wilcoxon",0.00210499085119603
"lm",2796.29104684877,0.000112796548958967,36.811222176302,3.94024675082154,145.045298573944,"anova",7.88857714324505e-05,0.49988002462728,0.123978543998834,"tweedie",4037.69561774582,0.000164280836316103,0.0878646068552763,3.84200948265336,0.337576652727581,0,1.5,"quantile_regression",2840.90359453357,0.00023182536089128,229.384165271465,159.249289944136,331.892423529653,61.1638277303347,"wilcoxon",0.000108145604361082
"lm",2811.39043340955,0.00482444189398302,38.2273495227776,2.85069411380344,108.974480270889,"anova",0.0225328277420268,0.318606235187989,0.138568457092636,"tweedie",4240.61636207271,0.00488902987027228,0.0903831428797772,2.84628608153644,0.25725628158423,0,1.5,"quantile_regression",2860.2001604227,0.0329901241789101,132.259925877637,29.7675341534624,230.949853638247,61.5954006983324,"wilcoxon",0.00569761242004585
"lm",2806.085272067,0.0310772626316389,37.723691248954,2.17156636779508,81.9194991853141,"anova",0.00374258342274085,0.369030644041678,0.125782143074082,"tweedie",4160.68434987323,0.0337469120824946,0.0967700376065463,2.13794670619099,0.206889183158894,0,1.5,"quantile_regression",2845.01157682622,0.0131321871242016,169.265281443864,75.032690483677,240.906400437927,67.6316852331644,"wilcoxon",0.0107069729140952
"lm",2811.27566663891,0.00241290067274557,38.2163830224528,3.07361838279686,117.462577381817,"anova",0.00108278933298145,0.39725608012184,0.1197661045598,"tweedie",4111.4635325988,0.00275124280447091,0.0932844005938146,3.03236157083082,0.282872031518671,0,1.5,"quantile_regression",2856.58691045951,0.0200366939779837,166.598814323057,102.465630735635,259.28642271333,71.0556223052079,"wilcoxon",0.00208781049033875
"lm",2783.55323836423,0.0206003681376744,35.6574545189996,2.33396630273912,83.2232972887979,"anova",0.00801937878084395,0.326165284499445,0.121776714925095,"tweedie",3949.65160693569,0.0209904850346051,0.0898384317646432,2.32673827060636,0.209030517358054,0,1.5,"quantile_regression",2824.31450729271,0.0604979416909019,111.119658641421,26.4439481509341,189.400088876725,58.8579451323574,"wilcoxon",0.0259373192646574
"lm",2795.72352162539,0.0413317634686242,36.7590309671203,2.05356970732882,75.4872324648402,"anova",0.0351865230622445,0.249962393608116,0.117864605446373,"tweedie",3952.94378642458,0.0425663424536778,0.0883231572168396,2.0411141476714,0.180277645762297,0,1.5,"quantile_regression",2836.74751310703,0.715029233691533,20.358543603561,-33.9776276645211,133.130905732171,55.680262344959,"wilcoxon",0.0402450432160526
"lm",2785.59025085295,0.0312788277372547,35.8395043732734,2.16894264757282,77.7338295030652,"anova",0.0297638126974311,0.254204613438351,0.116126437629573,"tweedie",3973.19857192529,0.0322907080887659,0.0935462396097568,2.15598798533045,0.201684568671479,0,1.5,"quantile_regression",2818.41526721471,0.0612254514838961,109.349901336657,34.158904015434,195.366871104195,58.0854775434911,"wilcoxon",0.0246594568426778
"lm",2808.95995171733,0.134479295427075,37.9957765945643,1.50281770043832,57.1007256082113,"anova",0.165949303908597,0.178391476045795,0.128296476429393,"tweedie",4149.02434115719,0.135488808145761,0.0909495283981814,1.49891324955074,0.136325453156425,0,1.5,"quantile_regression",2862.73066202036,0.111255606120106,107.70456928971,-32.0498670742556,232.597530559614,67.3272283872516,"wilcoxon",0.1258229984014
"lm",2798.47212991688,0.0423909497722775,37.0124912418255,2.04286474495607,75.6115134809208,"anova",0.0363343519209452,0.254361158516739,0.120694307629568,"tweedie",3998.98783369798,0.0438194297254221,0.0874708755008351,2.02878276533681,0.177459404685016,0,1.5,"quantile_regression",2845.02718441527,0.0191956470632659,147.398895107576,31.3882871356154,254.526749682244,62.429897472513,"wilcoxon",0.035936131377621
"lm",2796.79953217064,0.396216939873697,36.8580468474602,0.850243049816236,31.3382981618542,"anova",0.338936608722247,0.113265575480048,0.118159067589867,"tweedie",3969.33954907302,0.396565280673251,0.0889606993778929,0.849615019424533,0.0755823463299685,0,1.5,"quantile_regression",2839.45312255309,0.472179745975648,45.828163650241,-46.810529217909,136.907291728736,63.6222748802406,"wilcoxon",0.420763915565436
"lm",2791.97353748981,0.377439343896535,36.4160268469286,-0.884611140459218,-32.214023040055,"anova",0.424171112275803,-0.0907576913406501,0.113324915719537,"tweedie",3835.95910590584,0.377516410994014,0.0837752721008378,-0.884467955602247,-0.0740965436450499,0,1.5,"quantile_regression",2837.89037336793,0.434162506746651,-48.560946507046,-162.93744237664,37.0103212657475,61.9650265487297,"wilcoxon",0.479342115107881
"lm",2792.97123284396,0.0199481644024848,36.5069704693215,2.34632335203813,85.6571573243356,"anova",0.000877294981960804,0.432545573689549,0.128025267349702,"tweedie",4166.95990838305,0.0214693829401531,0.102138292682917,2.31802486173025,0.236759101773681,0,1.5,"quantile_regression",2820.27503451646,0.0545985924846768,100.389715167558,3.72119534870216,178.305502160814,51.920805551096,"wilcoxon",0.0081698529237549
"lm",2793.31571247984,7.84105835802502e-05,36.5384237808956,4.03352476936112,147.378637353656,"anova",0.000408524711906809,0.436845562447743,0.121492316306033,"tweedie",4089.67340308718,9.45372882202681e-05,0.097008145452339,3.98575174630592,0.386650385142559,0,1.5,"quantile_regression",2833.65487536332,0.000284874266883284,225.046048292996,126.814627464511,329.189889829443,60.911424517959,"wilcoxon",0.000126870569509468
"lm",2801.87812661207,0.0244266298660952,37.3289979124348,2.2677095069891,84.6513234524049,"anova",0.00183110468054456,0.378330305544397,0.11976210772484,"tweedie",4064.9921533844,0.0261886967705456,0.0931285027452094,2.24020886844803,0.208627297755104,0,1.5,"quantile_regression",2843.97285497431,0.170092160082181,88.097147129215,18.6944793940193,172.321631140578,63.9813687393975,"wilcoxon",0.00990876557052442
"lm",2790.34952821262,0.0264132968012054,36.2684766645978,2.2368202945974,81.1260646575044,"anova",0.00465497800002038,0.337936549557438,0.118055578079763,"tweedie",3962.55973273844,0.0277720708468267,0.0906203630528468,2.21683917349909,0.200890770732261,0,1.5,"quantile_regression",2836.52666700521,0.135610082010889,96.38523776378,-9.25606546127538,190.91728902351,64.3234759217211,"wilcoxon",0.0136402223545935
"lm",2823.87483485427,0.00519909448968482,39.4392778369128,2.82583658077796,111.448954031014,"anova",0.0016989515232968,0.402608871700072,0.126531107524279,"tweedie",4179.88746042224,0.00588947550814796,0.0917069738402756,2.78402284306824,0.255314310039989,0,1.5,"quantile_regression",2869.69068136274,0.017964658465679,176.04892204765,94.7044371903562,247.861763998424,73.7772656906022,"wilcoxon",0.00237874274893917
"lm",2782.17341102514,0.560467461569728,35.5346636021231,0.583132833041453,20.721429057481,"anova",0.29750001092358,0.139010306173256,0.133080263091938,"tweedie",4194.26562041235,0.561172056881344,0.101461402183782,0.582084344300498,0.0590590937619557,0,1.5,"quantile_regression",2819.81094733104,0.303497209931261,54.921974822933,-65.6835636249657,161.34072193754,53.2373112290071,"wilcoxon",0.410962873626457
"lm",2823.16127837525,0.00278312602802146,39.368985172215,3.02871855048242,119.237575704755,"anova",0.00105897137335593,0.417031025573224,0.125479817942365,"tweedie",4241.3776207027,0.00336397631722148,0.0970166493607907,2.96829902606928,0.28797442581014,0,1.5,"quantile_regression",2863.2462336615,0.000445938525850842,237.959570571621,140.074017231424,296.439715025817,66.6312682195546,"wilcoxon",0.00162851835315058
"lm",2786.3057484946,0.0542488893044255,35.9036694457542,1.93634605547285,69.5219287082874,"anova",0.0189544215174474,0.280805831536354,0.118691178919715,"tweedie",4038.88002827624,0.0567666811187388,0.0958720756675188,1.91630330822776,0.183719975768329,0,1.5,"quantile_regression",2824.16010634869,0.167223249073183,85.371646669801,49.3771134910152,208.257699744196,61.5836651285923,"wilcoxon",0.0228450072096525
"lm",2801.8630676806,0.306146512412642,37.3275926018345,1.02599336955652,38.2978625109892,"anova",0.10137914548596,0.219687588876459,0.133478958187286,"tweedie",4189.92100007407,0.308061962013034,0.0937416988702941,1.02192797180566,0.095797264200137,0,1.5,"quantile_regression",2847.29583604625,0.709851856869784,23.211456773684,-70.3690402011738,140.760246876777,62.2975211552655,"wilcoxon",0.18661752799481
"lm",2784.4665061149,0.410930568215455,35.7389595366819,0.824000792989961,29.448930998862,"anova",0.209714192822713,0.139589818959629,0.110922819532967,"tweedie",3851.04521876413,0.412435108295729,0.0872691793128086,0.821349446475724,0.071678492122966,0,1.5,"quantile_regression",2823.37227036168,0.371614844705752,50.864364924266,-23.8722566474755,114.142245161144,56.8008670304182,"wilcoxon",0.318219058871464
"lm",2786.55561531958,3.93551738402129e-05,35.9261042919032,4.20604988773062,151.106986923558,"anova",0.000559016088538879,0.43976008360706,0.125365163740177,"tweedie",4038.59272791758,5.2365385977247e-05,0.0914337853240355,4.1352206020656,0.378098872796795,0,1.5,"quantile_regression",2819.75063709965,5.57624560437731e-06,259.981466623782,179.62103452895,329.733811773574,55.6835967802292,"wilcoxon",0.000101821422604375
"lm",2798.04463248503,0.0491602736557207,36.9729555099878,1.9793683735326,73.1830988124976,"anova",0.133740651304331,0.197224913103057,0.130986486191944,"tweedie",4037.24361673534,0.050140017834253,0.0904435339904946,1.97080193567824,0.178246291858048,0,1.5,"quantile_regression",2838.22989345545,0.0692283731712457,106.328846879341,45.5446146671118,193.258824280367,58.2034649837168,"wilcoxon",0.0434393357201973
"lm",2783.35596331457,0.494310464008112,35.6398730395622,0.68473729126777,24.4039501262371,"anova",0.252194845103688,0.139431567616943,0.12141527049917,"tweedie",3954.01537176772,0.495670320099946,0.0888870376113563,0.682579617051271,0.0606724800935815,0,1.5,"quantile_regression",2823.13903088419,0.321621247858122,55.662440299985,-66.3265549492325,138.527666530316,56.0199188029466,"wilcoxon",0.358884607038336
"lm",2813.07577374558,0.0280321988828466,38.3887545472249,2.21311118923335,84.9585822291959,"anova",0.029778301774685,0.284035541133014,0.129765518592251,"tweedie",4195.59562693772,0.029011743130066,0.0921583636005295,2.19933723564271,0.202687320642544,0,1.5,"quantile_regression",2860.14604198917,0.276888535318726,72.070775519918,9.87219423848687,209.125825331869,66.0993590096264,"wilcoxon",0.0218410701578042
"lm",2818.4594596832,0.655597790880082,38.908929764801,0.446675145685064,17.3796518711424,"anova",0.201762901169019,0.18294523355038,0.142836934579892,"tweedie",4330.8562192584,0.65638664626978,0.0937801047511692,0.445581136301773,0.0417866456375252,0,1.5,"quantile_regression",2877.0322564344,0.39446319084059,67.269234127915,-108.485760408217,156.502071296546,78.8240487039394,"wilcoxon",0.471784844703149
"lm",2795.50560657281,0.00201429916161387,36.7390105556363,3.12970440039994,114.982243002315,"anova",0.000877833342381493,0.443249908360284,0.131200478396435,"tweedie",4183.6917756587,0.00241187143119929,0.0975223778773819,3.07375183137837,0.299759587600977,0,1.5,"quantile_regression",2834.12432959415,0.00108442818170529,201.80061160619,117.323319683693,290.277213822649,60.8477171448421,"wilcoxon",0.00152283154776546
"lm",2798.67440731307,0.122782285385607,37.0312129510372,1.54981719012009,57.3916104025151,"anova",0.0181280915141791,0.290137472664299,0.121763698637868,"tweedie",4085.74557566314,0.125538791365799,0.0926121799675739,1.53843514209878,0.142477832248492,0,1.5,"quantile_regression",2845.64536876725,0.581364390405562,34.644048958761,-21.6494869887934,139.143183726136,62.7266453599216,"wilcoxon",0.0795794331145554
"lm",2803.02596403067,0.00100250029926229,37.4362708051293,3.33960729676072,125.02244314432,"anova",0.000248625553002267,0.504289994560897,0.135144397677573,"tweedie",4232.32913538173,0.00119665805394241,0.0923481260161603,3.28732531880191,0.303578332796833,0,1.5,"quantile_regression",2852.32236603769,0.0250788669224653,153.524339817675,80.1475903823643,232.880323314754,68.0113466850396,"wilcoxon",0.00079781638170115
"lm",2822.10310986293,0.00303913625404523,39.2649752567163,3.00078408577134,117.82571287856,"anova",0.00156836599085787,0.408659239012009,0.127459542868475,"tweedie",4185.11873079319,0.00343644093685126,0.091759933334283,2.96144684559001,0.271742165124362,0,1.5,"quantile_regression",2878.20197386854,0.0260473296694737,159.198865068626,29.2053034728312,287.640929172802,70.9962903890523,"wilcoxon",0.00262080289894809
"lm",2786.89794556494,2.25881493035042e-05,35.9568639327127,4.34125031212408,156.097746770892,"anova",2.27066855942984e-05,0.536863573000742,0.123701557642145,"tweedie",4021.82224509087,3.14514118551466e-05,0.0906376102663724,4.26102618344135,0.386209230549565,0,1.5,"quantile_regression",2834.31619262276,0.00458723593329236,188.610829399773,78.2921425862694,299.595481973131,65.7785972603463,"wilcoxon",3.43142226723592e-05
"lm",2807.55856018819,0.0472842615492626,37.8628921108177,1.99618249781156,75.5812425481417,"anova",0.00774141289261574,0.336695863690076,0.125137004402182,"tweedie",4187.24470362103,0.0493361768761474,0.0945956162267956,1.97781979172502,0.187093081983781,0,1.5,"quantile_regression",2857.58130735153,0.0937445515645767,108.552710716985,-12.4394949346569,175.321378444794,64.458679797559,"wilcoxon",0.0234364974177413
"lm",2801.01895939401,0.000758654655366015,37.2489043322268,3.42066966286455,127.416197024192,"anova",3.38552594441027e-05,0.476780600516227,0.112368125231582,"tweedie",3968.45224508113,0.00105301935875507,0.0914508786593616,3.32515121840296,0.304088000598197,0,1.5,"quantile_regression",2842.33061258311,0.000118429459657232,217.423524737994,108.801488528077,330.516756949529,55.3575860233843,"wilcoxon",0.000306070623828914
"lm",2821.57738837656,0.0395660807999232,39.2134030520242,2.07194719957671,81.2481006395144,"anova",0.00773819242126152,0.328189318574085,0.121968918363038,"tweedie",4177.24925648181,0.041377304932034,0.0930323295604436,2.05310464198984,0.191005107675676,0,1.5,"quantile_regression",2876.6487476816,0.165833316417866,111.286776537819,16.8329601506359,225.151633349945,80.0137506438885,"wilcoxon",0.0262655915944737
"lm",2820.1170383981,0.0432385135621099,39.0705008390503,2.03446159524392,79.4874334639931,"anova",0.0573002026068676,0.267700022717364,0.139999320746246,"tweedie",4268.35495092074,0.0438535609842194,0.0910360324535488,2.02845110711358,0.184662140817629,0,1.5,"quantile_regression",2871.95322380151,0.419740679280093,54.228999910041,-31.2863357447332,160.980528018152,67.0688978638667,"wilcoxon",0.039070661066658
"lm",2797.05346718656,0.147580270475192,36.8814531480556,1.4538169760786,53.6188826890908,"anova",0.182940062135373,0.153838558208287,0.115110927817658,"tweedie",3940.69712918187,0.1474243123824,0.0872375941378716,1.45438012760458,0.126876623294154,0,1.5,"quantile_regression",2842.08961166131,0.296831388231309,66.110053221212,-31.6680960485434,148.081561502138,63.2020844521272,"wilcoxon",0.154656733289545
"lm",2823.49566009117,0.0171108422951677,39.4019096039979,2.40460530332495,94.7460407949036,"anova",0.00386494768778119,0.39833157981261,0.136254101942559,"tweedie",4363.45158479612,0.0183680547394913,0.0980691308103061,2.37780330592698,0.233189103450131,0,1.5,"quantile_regression",2867.21103653917,0.128972339953888,105.289458152067,5.60549124427042,202.358820902645,69.0636118625386,"wilcoxon",0.0121369018797308
"lm",2835.30599391283,0.318842155309954,40.5826289546383,0.999355701119813,40.5564816122478,"anova",0.0360045334982938,0.292702226156209,0.138638639964708,"tweedie",4479.22685858907,0.321819526205513,0.0957440019014481,0.993210661709727,0.0950939634832747,0,1.5,"quantile_regression",2899.48918734607,0.517438130754576,57.097250345124,-109.182081885664,217.273739288324,88.0503927479381,"wilcoxon",0.22788982712862
"lm",2804.11562138819,0.0452490174304022,37.5383916076339,2.01507562108421,75.6426977832552,"anova",0.00466995426835046,0.356311394986886,0.124520839288793,"tweedie",4006.74131726137,0.0488937189442591,0.0828417636823458,1.98172396810849,0.164169508649684,0,1.5,"quantile_regression",2854.0470410573,0.0965833340683884,107.594287920719,20.3569184036845,220.460857979662,64.4440454149619,"wilcoxon",0.0479373595229167
"lm",2799.3573025841,0.00444695833012212,37.0944880490112,2.87758749451547,106.742634925288,"anova",0.00296177293457273,0.382371577606056,0.12707639021033,"tweedie",4128.25341797457,0.00512673930793114,0.0923641309401017,2.83050720009885,0.26143733765683,0,1.5,"quantile_regression",2845.5258691306,0.0210759224587567,154.832167833864,110.812752521485,288.513056376942,66.5895815257208,"wilcoxon",0.00475267550808153
"lm",2801.68649651789,0.419218980685403,37.3111187970329,0.80946574269496,30.2020724878201,"anova",0.178697812314864,0.171944618562709,0.12740780200789,"tweedie",4024.13164461721,0.420071591115174,0.0852223184314515,0.807980277657817,0.0688579525088871,0,1.5,"quantile_regression",2859.02586546268,0.742313542546519,22.27142550383,-80.6876844388343,193.923089149958,67.6425735618875,"wilcoxon",0.435000875027458
"lm",2789.78123316899,0.000491666369734365,36.2169852623235,3.5439862502223,128.352497794178,"anova",0.00155098989563675,0.402683406217567,0.125463720482249,"tweedie",4086.44782554812,0.00054840849514443,0.0957151435700809,3.51324634347543,0.336270878162812,0,1.5,"quantile_regression",2827.89362369605,0.0061599708383171,167.232277990015,81.4091533883629,267.195225793737,60.3978181706733,"wilcoxon",0.000673918576341879
"lm",2791.65757771313,0.368857881442306,36.3872732053914,0.900670192722027,32.7729323705289,"anova",0.310105815868096,0.124295397470972,0.122144603744219,"tweedie",4018.42253377419,0.369452440680206,0.0920372542652004,0.899550075429637,0.0827921190165977,0,1.5,"quantile_regression",2824.25081277794,0.162349296211612,75.055202234592,7.69855358276499,129.763652925422,53.5175176614147,"wilcoxon",0.30306238922389
"lm",2795.65441805915,0.000781087161975838,36.7526810653089,3.41226324555358,125.409822774707,"anova",0.000404277975461231,0.489666496838536,0.13607281211,"tweedie",4113.43657313274,0.000969107987044721,0.0940659514598461,3.34954035536751,0.315077700480796,0,1.5,"quantile_regression",2831.4104382833,0.010609505307275,152.598837964085,100.030778885422,236.341657728407,59.1510382380265,"wilcoxon",0.000610619722349087
"lm",2784.6869231308,0.00890658473279979,35.7586586507394,2.64175846858574,94.4657393158576,"anova",0.00216192274431775,0.333933903240405,0.10744931838978,"tweedie",3806.06554059141,0.0100296658991142,0.0833438042162106,2.59983540004438,0.216680172575672,0,1.5,"quantile_regression",2831.90881474868,0.0148048788860355,150.041655215714,28.6708000505882,237.155970372826,61.0260276123052,"wilcoxon",0.00706348580979464
"lm",2808.22978317029,0.00568022419210884,37.9264815576525,2.79620379873223,106.050171804056,"anova",0.00185821729608808,0.399359494241436,0.126599511850976,"tweedie",4187.91724340497,0.00633993848090091,0.0963626919731405,2.75908060921637,0.265872434874982,0,1.5,"quantile_regression",2850.87646168995,0.0934148996596962,113.528398749208,56.2564893209094,262.260876215941,67.345045407708,"wilcoxon",0.00368466180352859
"lm",2803.16480724651,4.68466176751133e-05,37.4492674911952,4.16294520212699,155.899248425641,"anova",8.09240206384521e-05,0.472072809499329,0.117270727703953,"tweedie",4065.38281467349,5.59588626493142e-05,0.0963623461302157,4.11863127067415,0.396880972087432,0,1.5,"quantile_regression",2840.91258783034,0.000932339520305803,216.009506778126,127.005702017243,328.660335629385,64.2722055003215,"wilcoxon",6.7086499304638e-05
"lm",2801.50074236092,0.00661008881378566,37.2937960810088,2.74488303979514,102.36710835234,"anova",0.0022719384042407,0.387326290464352,0.125250901107639,"tweedie",4137.42202250632,0.00752433033112352,0.0962783391867529,2.7004480071037,0.259994649184121,0,1.5,"quantile_regression",2835.11118036773,0.0108743985940336,142.501130754483,81.3919625566288,269.438237150868,55.4264305869061,"wilcoxon",0.00338041434503075
"lm",2797.672623887,0.0410577660789904,36.9385858513654,2.05637701100581,75.9596587638124,"anova",0.0313600561449661,0.245479515286526,0.113234332752478,"tweedie",3896.13365827778,0.0422173559998431,0.0826896180049214,2.04460347638019,0.169067480433412,0,1.5,"quantile_regression",2848.55703881343,0.186134625169834,90.2753076562,26.6710452489991,217.183244956567,68.0447904239129,"wilcoxon",0.0407231084841337
"lm",2811.81675079386,0.0462838385233526,38.2681137011605,2.00538130435551,76.742159769258,"anova",0.021104727083781,0.300418978063511,0.129232254698953,"tweedie",4209.60806055453,0.0478147332515772,0.0964971348378416,1.99137158862208,0.192161652699511,0,1.5,"quantile_regression",2849.99052374606,0.091462464336947,106.242098110075,28.555228328767,234.803768088757,62.6436988634293,"wilcoxon",0.0326188531725163
"lm",2794.10731638826,0.379089976963307,36.6108052767966,-0.881548346900459,-32.2741948704547,"anova",0.746961816410292,0.0428108609490149,0.132501071609398,"tweedie",4004.51958520123,0.378016957578635,0.0850199390968684,-0.883538419234414,-0.0751183825930533,0,1.5,"quantile_regression",2845.88063493776,0.411348410573823,-55.265241437425,-168.308543128288,28.6596198725911,67.1294380491362,"wilcoxon",0.439325577416059
"lm",2767.86391326858,0.000705026734945323,34.2859248312561,3.44174911308457,118.00355137926,"anova",3.09652401923515e-05,0.486266842065915,0.114017956291708,"tweedie",3757.04197700834,0.000970915576214115,0.082296459665805,3.34899454415137,0.275610394423754,0,1.5,"quantile_regression",2804.04918913401,0.0292325222757905,114.065735400402,46.7538086054078,219.111349846797,51.9356783615758,"wilcoxon",0.000533189167928361
"lm",2817.68060560054,0.23386778856538,38.8332425283578,1.19409912142814,46.3707407853181,"anova",0.0279634309385383,0.312068449738834,0.140946354885766,"tweedie",4289.23526123392,0.237468312306708,0.0957226191665248,1.18492263513706,0.11342389814502,0,1.5,"quantile_regression",2872.94437483286,0.25157670769632,88.986517605268,-75.5454687543573,190.930900306098,77.3870727157044,"wilcoxon",0.115310897110013
"lm",2794.42888624672,0.0241105199370533,36.6402494393323,2.27282523465494,83.2768835297661,"anova",0.00666810954487672,0.344524557760363,0.125651642973276,"tweedie",4045.25051788153,0.0252314314954178,0.0906368807995904,2.25494134803897,0.204380850172276,0,1.5,"quantile_regression",2841.72638495391,0.182868038233243,84.878724741232,-10.8850323265326,204.973074041682,63.500686449665,"wilcoxon",0.0163668947756447
"lm",2785.96230048819,0.00886646263504722,35.8728550673341,2.64334243571366,94.82424008969,"anova",0.00845577774751331,0.313187192577037,0.117742299868098,"tweedie",3935.47293718231,0.00928427820123065,0.087429859406839,2.62715434775099,0.229691735263935,0,1.5,"quantile_regression",2829.30959654473,0.0166196454150249,145.630711206336,63.7384107695652,208.943486936988,60.2887928752857,"wilcoxon",0.010192672082709
"lm",2802.15680144569,0.0837080871152676,37.3550136044867,1.7383251289241,64.9351588399807,"anova",0.0158048496339905,0.307319238922493,0.126242407267857,"tweedie",4061.49147634247,0.0857610191482884,0.0874247818384341,1.72681221872316,0.150966181497815,0,1.5,"quantile_regression",2860.87968768534,0.570494473542755,39.604284834245,-29.4573978161132,238.174584893129,69.6925305381672,"wilcoxon",0.0519297250268917
"lm",2806.07268792176,0.466246879585023,37.7225044665985,0.730009988234887,27.537805041852,"anova",0.353561619182615,0.106315091704095,0.114331126831718,"tweedie",4008.95124943739,0.466518098371724,0.0935835631315281,0.729565350248364,0.0682753250135432,0,1.5,"quantile_regression",2841.47765156601,0.490951295446775,37.213657470754,-48.537659273631,89.9201153807815,53.9265046611508,"wilcoxon",0.425006021507502
"lm",2811.25692072764,0.0286596929351816,38.214592062107,2.20424050411895,84.2341516716786,"anova",0.00255026672544157,0.378238466180939,0.123758506988364,"tweedie",4106.95838910693,0.0311068812540548,0.0854302782487768,2.17117990938129,0.185484503786598,0,1.5,"quantile_regression",2868.33933520613,0.606632549425407,38.471624312877,-47.5169691768477,207.84857527123,74.5993825397305,"wilcoxon",0.0330186202021761
"lm",2783.36088019285,0.00462199128868785,35.6403111345495,2.86486849279165,102.104804442662,"anova",0.00876374556837363,0.35305254218488,0.133356848122792,"tweedie",4039.95724860171,0.00499014244685503,0.0908483477076353,2.83949075159282,0.257963043113319,0,1.5,"quantile_regression",2821.95338993918,0.0205603732258499,128.760023079875,51.296939223693,202.991892427045,55.1502314304301,"wilcoxon",0.00359930717408643
"lm",2811.31699112366,0.183322171496873,38.220331407249,1.33526661143011,51.0343324058934,"anova",0.0713205383216394,0.216118930720049,0.119194239445768,"tweedie",4074.84087870494,0.185921856030108,0.0890203158001807,1.32734856143011,0.118160988115424,0,1.5,"quantile_regression",2860.28903507728,0.291130606059172,71.669565388653,8.5213191911658,195.338383981377,67.7105018586289,"wilcoxon",0.131351782768099
"lm",2821.70035120368,0.00943857889042216,39.2254593822805,2.62134133509036,102.82331806668,"anova",0.00578847448936133,0.345573130631383,0.123867891755131,"tweedie",4175.97109359401,0.0102422570493519,0.0897737067819174,2.59237810027546,0.232727391441994,0,1.5,"quantile_regression",2876.58894519434,0.0173450402546105,163.520629161713,24.0608370192069,335.135739961725,68.1482600832392,"wilcoxon",0.00890583670348162
"lm",2776.09181975454,0.091058424794364,34.9984817296047,1.69810743800686,59.431182143989,"anova",0.0109287535674183,0.327339329172558,0.127408561163037,"tweedie",3988.72194311268,0.0942672864581023,0.0956313649980982,1.68137210438942,0.160791909412485,0,1.5,"quantile_regression",2798.45603867586,0.0703233294200558,77.38179261095,34.1399228876223,153.741600083858,42.5257621831665,"wilcoxon",0.0288440508316432
"lm",2794.21285224174,0.000398023026452149,36.6204659326267,3.6028836936592,131.939279562863,"anova",0.000758554897663292,0.420807836248164,0.123017775853586,"tweedie",4041.02869255572,0.000453289130257977,0.0898372690983271,3.56672821012751,0.32042512201382,0,1.5,"quantile_regression",2841.84152458489,0.00214345477830902,180.86259309454,50.1548768335395,302.064778396502,58.1460683355999,"wilcoxon",0.000460744309841843
"lm",2808.66521537832,0.00942173343596788,37.9677900664111,2.62197178765161,99.550474393609,"anova",0.0275931308867072,0.273770568223295,0.12335223208592,"tweedie",4074.77838482826,0.00996937421117913,0.0859951084396895,2.6019761331419,0.223757219727022,0,1.5,"quantile_regression",2862.3052631279,0.021300765790385,165.205966400329,6.20789118714467,247.292381021302,71.1765440065013,"wilcoxon",0.0127371582457077
"lm",2807.4753320979,0.0111810548316443,37.8550147898558,2.56102175392498,96.9475163719725,"anova",0.00356351114813379,0.35858035815182,0.121563173530511,"tweedie",4084.33694445367,0.0120991024809096,0.0912404829128127,2.53255966456636,0.231071966800546,0,1.5,"quantile_regression",2859.51696184182,0.0109254607750708,174.60985669459,-3.99167395388042,279.66781289663,67.9596177061182,"wilcoxon",0.00770992945785218
"lm",2769.00522676229,0.0117771419156789,34.3838920004921,2.54231452891818,87.4146681936048,"anova",0.00667157989894258,0.319574917931194,0.116559799917111,"tweedie",3897.71667853976,0.0125308446157159,0.0948964401694125,2.51983618563962,0.23912348382727,0,1.5,"quantile_regression",2797.34695588554,0.0555473112490088,96.253910020217,22.743316466123,179.284276169438,49.9782816673577,"wilcoxon",0.00493695357800483
"lm",2768.06651038042,0.000909341719432847,34.3032948031358,3.36814427112745,115.538445871978,"anova",0.000112772864705721,0.494501369049522,0.125498370973306,"tweedie",3983.19423176486,0.00115090224394869,0.0913465277055712,3.29889318443287,0.301342437669517,0,1.5,"quantile_regression",2809.78863829105,0.0218175922047172,116.741023586105,17.7377031799761,231.465552414391,50.4979837060545,"wilcoxon",0.000627310873570266
"lm",2814.60421336001,0.01995342145604,38.5357223907434,2.34622233739657,90.4133726608752,"anova",0.042416214035786,0.280545718611406,0.137346540062704,"tweedie",4264.58776519514,0.0209117975495271,0.0951507455459348,2.32818662734458,0.221528693361912,0,1.5,"quantile_regression",2857.99677606031,0.0384350432344847,125.9393703271,32.0866657132499,228.436462674964,60.4289163859146,"wilcoxon",0.0154090321828499
"lm",2787.14916236309,0.00162809797773147,35.9794534461234,3.19485254953689,114.949048573291,"anova",0.000299869815254818,0.453033441503177,0.123084063777606,"tweedie",4017.59488614842,0.00198593322374401,0.0895100075699994,3.13407725697469,0.280531278996767,0,1.5,"quantile_regression",2842.29088093212,0.00775500161799592,187.987770317431,38.0858870880986,302.350938736327,69.883646975427,"wilcoxon",0.000894428826725522
"lm",2820.18519022251,0.0039102265820153,39.0771582209569,2.91965961834615,114.092000857451,"anova",9.13842153021679e-05,0.513353798196445,0.128516830653801,"tweedie",4305.61859070169,0.00501817922019989,0.0984589794267847,2.83762874408781,0.279390030134994,0,1.5,"quantile_regression",2864.34780741894,0.0016999651172811,208.25915626381,99.5241112240635,328.433390932594,65.4550067666807,"wilcoxon",0.00153568783199273
"lm",2809.42548084348,0.0414622028625073,38.0400226885664,2.052238836791,78.0672119138869,"anova",0.00484230865743417,0.330695572488213,0.116055141748836,"tweedie",3982.56231002747,0.0442295108668334,0.087919477117948,2.02481240515778,0.178020447923407,0,1.5,"quantile_regression",2861.92491218859,0.0587661292535504,137.775445869883,44.067935302488,232.282916368624,72.4786325463646,"wilcoxon",0.0204735531017136
"lm",2783.7053806987,0.00422002508019363,35.6710196195482,2.89477645636319,103.259627769137,"anova",0.0042082163152802,0.340575904824244,0.11761461092162,"tweedie",3848.99796656301,0.00477850743277135,0.0851098001631749,2.85386192917048,0.242891618484993,0,1.5,"quantile_regression",2825.75694306501,0.016850910156605,150.715415757764,87.493750712352,261.501395008702,62.5281009342634,"wilcoxon",0.00443659411282076
"lm",2789.0865157564,1.04766185924937e-05,36.1541384283758,4.52335652691739,163.538058035069,"anova",6.05470032928494e-07,0.595295777151924,0.115426987107676,"tweedie",3998.359253165,1.68555627983984e-05,0.100652646278367,4.41129343679278,0.444008357923587,0,1.5,"quantile_regression",2815.05740107111,0.000987073237162628,193.352475946547,115.317676801428,253.742372054961,57.8179961610451,"wilcoxon",2.86439490208141e-06
"lm",2802.44145084572,0.0173811282845944,37.3816057706959,2.39869977183243,89.6672492328983,"anova",0.0148603247382931,0.297429315387498,0.121040763112941,"tweedie",4106.11495673056,0.0184190973528578,0.0948294032680707,2.37674974359491,0.225385759902646,0,1.5,"quantile_regression",2843.6943060383,0.00816900801250342,171.291117227441,80.9512632616419,264.208085903792,64.1068672375693,"wilcoxon",0.0129134178985593
"lm",2829.4084487287,0.472737375722171,39.9886735925289,0.719408718097911,28.768200407637,"anova",0.276306040688209,0.150502627263575,0.137864949576373,"tweedie",4453.51388709347,0.473679144568025,0.098744377676264,0.71787721642688,0.0708863389840409,0,1.5,"quantile_regression",2882.26353579296,0.334676498606469,71.403129069882,-41.1269060562761,190.079876009924,73.8326184645529,"wilcoxon",0.378403509375268
"lm",2787.52026074593,0.0203922210298247,36.0128487273699,2.33787215802009,84.1934363707073,"anova",0.00230229312698718,0.374208122190965,0.121170831705398,"tweedie",4020.38744045283,0.0226524309156496,0.0946080923934807,2.2972089913491,0.217334560500691,0,1.5,"quantile_regression",2820.00220659112,0.0058796785954236,145.624132943397,69.4642971868989,214.152284622788,52.296543084331,"wilcoxon",0.00727334660312516
"lm",2805.870971607,0.0366156658951007,37.7034861509213,2.10428392983847,79.3388400062708,"anova",0.011084452476884,0.314086930224245,0.122492251996459,"tweedie",4067.42629754489,0.0379098509859614,0.0912064958928428,2.08983448571503,0.190606480438089,0,1.5,"quantile_regression",2853.959264003,0.0622414380992042,124.621013169491,-0.525237003839699,205.572079850741,66.4585060183974,"wilcoxon",0.0290234425389428
"lm",2792.20640188225,0.0833727297828412,36.4372330089472,1.74022764913413,63.4090803401125,"anova",0.0778363972681587,0.20991887063729,0.118425780385847,"tweedie",4012.03156157643,0.0857301703877864,0.0899807487068141,1.72698354945197,0.15539527278404,0,1.5,"quantile_regression",2837.77137918375,0.00982717910203412,153.571267464549,21.6528010806212,235.793030346631,58.9056636419276,"wilcoxon",0.0738827189515744
"lm",2785.16052008062,0.00473249225146116,35.8010217037229,2.85706327491172,102.285784314024,"anova",0.000458717356116535,0.402666947545812,0.11300064397292,"tweedie",3901.92716495869,0.00519064725370333,0.0917554911056508,2.82637879837248,0.259335774695266,0,1.5,"quantile_regression",2824.94708140237,0.167613456427056,80.652559229901,-2.12110548630138,185.655707062675,58.2332373654043,"wilcoxon",0.00297858701753534
"lm",2802.24773721384,0.0481488936186359,37.3635068370142,1.98836420557533,74.2922595894882,"anova",0.0303973707235477,0.295330411920124,0.135439969928688,"tweedie",4244.78739786803,0.0499340698132826,0.0962313956242279,1.97259083607012,0.18982516915059,0,1.5,"quantile_regression",2846.47758818919,0.140876423316096,90.780108151162,28.9324719423721,225.911422754132,61.4022184517567,"wilcoxon",0.0397717460701796
"lm",2796.65589809499,0.00453496605095796,36.8448140447309,2.87113628440028,105.786482495808,"anova",0.00207073619364211,0.382591778916018,0.122579567252823,"tweedie",4070.47693627732,0.00514492927780804,0.0897011134734975,2.82932739353124,0.25379381758082,0,1.5,"quantile_regression",2847.12461852568,0.0872651916671998,120.602152660973,50.6059629524895,282.35514505196,70.1779807664488,"wilcoxon",0.00283949810811241
"lm",2761.91117159321,7.21242276676079e-05,33.7794645781154,4.05473293561622,136.966707572366,"anova",0.000137730195997855,0.456386936058418,0.117374382722726,"tweedie",3786.7997924257,8.30919570324154e-05,0.0867333234921012,4.01875884737362,0.348560311146,0,1.5,"quantile_regression",2795.73302371892,0.00756659551345074,140.21941871533,73.2840041406642,238.225905695392,51.9617121123992,"wilcoxon",0.000118330586531769
"lm",2816.99630190177,0.0126553096992414,38.7668649937934,2.51624084582358,97.5467691619113,"anova",0.00421757532826418,0.390684923138791,0.13495317224362,"tweedie",4332.23279153475,0.0138756855740206,0.0994598493181308,2.48256589364573,0.246915629704335,0,1.5,"quantile_regression",2858.49198272004,0.00579148703530263,174.370470108458,36.638705894453,283.168484002706,62.5056092162766,"wilcoxon",0.00834855745310074
"lm",2813.1196887273,0.147191519640444,38.392969382224,1.45522157683872,55.8702774439208,"anova",0.0136089545674572,0.324202759190697,0.130217906900552,"tweedie",4233.06539514109,0.15136491266453,0.0967316742654844,1.44028925695872,0.139321591252208,0,1.5,"quantile_regression",2848.62851688919,0.0595036180816892,95.014400142988,-26.1189663260119,178.521327321968,50.1304128268162,"wilcoxon",0.0581125310661814
"lm",2810.54330221969,0.193918264565717,38.1464762406391,1.30349841165582,49.7238711899397,"anova",0.0442502303778608,0.234371613007508,0.115761212367242,"tweedie",4010.84303144019,0.196388655230373,0.0881226338843889,1.29627774316582,0.114231408973483,0,1.5,"quantile_regression",2861.58089387749,0.350023161277442,67.431602350461,15.9605794812295,192.389975175269,71.9838558473907,"wilcoxon",0.156791941996226
"lm",2794.17167742982,0.000439295963148127,36.6166965246432,3.57547329149919,130.922020446793,"anova",0.000442399764649677,0.439502606605046,0.122989011307728,"tweedie",4018.72584388163,0.000515559219020164,0.0921012176290638,3.53065608837498,0.325177724768803,0,1.5,"quantile_regression",2833.0141977507,0.00157843937882873,171.422962235619,81.3667170314925,255.233777213066,53.4986484069277,"wilcoxon",0.000404997935460275
"lm",2782.8387673485,3.10391101920614e-05,35.5938208220863,4.26424570826536,151.780797681347,"anova",3.16442588305566e-06,0.520217588254442,0.108448550850392,"tweedie",3768.02300453536,5.33068162403055e-05,0.0820744937999529,4.13077182267636,0.339031006349271,0,1.5,"quantile_regression",2823.69668166597,0.00366456232651391,171.202140977492,109.109718229176,275.053821757816,58.2179793610299,"wilcoxon",2.79951628372396e-05
"lm",2807.29523275567,0.053441654104624,37.8379744681729,1.94293753024693,73.5168206627384,"anova",0.0092679498833296,0.393059589467982,0.149578885240612,"tweedie",4431.57496173427,0.0567278128730196,0.0993970064567868,1.91660699509067,0.190504997866151,0,1.5,"quantile_regression",2851.24712273172,0.0151348317303566,148.787361600649,76.3375946639566,269.050931163185,60.7176898133313,"wilcoxon",0.0284881297418339
"lm",2808.94701706204,0.0079869866828676,37.9945479587475,2.67979325758477,101.817533444833,"anova",0.00553015714987833,0.351439041767057,0.125281581298757,"tweedie",4197.86357169035,0.00864209489479483,0.0994684112166241,2.65232094934154,0.263822150867571,0,1.5,"quantile_regression",2845.55534243954,0.0192751019316841,137.614663719683,74.3143218179594,275.119626926273,58.3247931642931,"wilcoxon",0.00646613377476285
"lm",2814.47728383355,0.0118023082961067,38.5234960282167,2.54154350017071,97.9091409343662,"anova",0.00286394775235206,0.371059081880686,0.122881363752855,"tweedie",4216.03469507135,0.0128553272934432,0.0990867219351571,2.51052860038509,0.248760049336617,0,1.5,"quantile_regression",2852.17751609975,0.0360617819035456,123.757791799345,43.0025752485479,236.781857038631,58.6362446153557,"wilcoxon",0.00340709678067194
"lm",2806.82760379567,0.000402004453507952,37.7937649836293,3.60012571852075,136.062305317293,"anova",8.07473338895568e-05,0.531985756603382,0.132135828648998,"tweedie",4269.76099869755,0.000593433400470634,0.097836251018087,3.4909102950419,0.341537575907343,0,1.5,"quantile_regression",2850.54712471235,0.0013527763836898,223.968235641539,169.078193875896,333.884869919166,68.897713862976,"wilcoxon",0.000167189734102396
"lm",2795.59944059468,0.0438322155091346,36.747629989392,2.02865849834812,74.5483918721322,"anova",0.0943819720034587,0.258683390121776,0.153906517580719,"tweedie",4363.105643868,0.0462752008429705,0.0970005066672518,2.00546145837414,0.194530777563937,0,1.5,"quantile_regression",2839.66394087624,0.0239581234599293,138.316078633538,32.5175647526507,228.896254412253,60.7899263716275,"wilcoxon",0.0350809370205747
"lm",2812.16462761277,0.0675128463736086,38.3014096518237,1.8383235546269,70.4103835383618,"anova",0.00780284069631832,0.346187322366396,0.128795606066499,"tweedie",4104.85366000039,0.0707036320721791,0.0863271731685352,1.81716521426469,0.156870736127666,0,1.5,"quantile_regression",2860.01230962112,0.506334604137844,46.529319268268,-3.00503616029977,171.162731863209,69.8882436178264,"wilcoxon",0.05047307035651
"lm",2795.42233839971,0.162383210338406,36.7313633758962,1.40232798495106,51.5094187874257,"anova",0.134825711246054,0.184246361899691,0.122710216885049,"tweedie",4081.96649038879,0.164422514239256,0.0965391519223583,1.39551883261095,0.13472220459194,0,1.5,"quantile_regression",2828.6987224574,0.0560461173607893,113.246147249783,60.791318233665,189.633293002176,58.9221627552214,"wilcoxon",0.11251692929294
"lm",2811.58294475153,0.208221441994955,38.2457519466586,1.2625902966858,48.2887152973033,"anova",0.161383563460896,0.183128142920492,0.130276379926138,"tweedie",4199.33317031847,0.209485403452204,0.0952036877858054,1.25907551022117,0.11986863177385,0,1.5,"quantile_regression",2856.36849113277,0.29652660783601,62.420241011629,-21.6678591521878,190.859998142315,59.6368305389262,"wilcoxon",0.182574916134674
"lm",2793.13401870698,0.000518090574458335,36.5218305396136,3.52927797971986,128.895692302518,"anova",0.000101891810205089,0.520052222511069,0.131111283040899,"tweedie",4066.99126916424,0.000656618298233585,0.092763492005038,3.46210835697072,0.321157260892429,0,1.5,"quantile_regression",2827.57682684374,0.00405848665614195,163.817768628613,102.186193861508,228.057821237942,56.3424994857292,"wilcoxon",0.000308966610915842
"lm",2808.84699632299,0.0381598112277904,37.985048539554,2.08709255921223,79.2783121682186,"anova",0.0152430351362303,0.292686920989222,0.119569835944063,"tweedie",4040.62995161797,0.0393570770730277,0.0896310735282947,2.07416870161244,0.185909967404312,0,1.5,"quantile_regression",2856.37827193537,0.0424643881729376,142.962732643048,29.983456403557,232.326443707969,70.0066412358683,"wilcoxon",0.035293090283944
"lm",2773.35811597813,0.757278661582457,34.7601085054611,0.309484220430948,10.7577050829078,"anova",0.679246743001252,0.0453701600754156,0.10956244007048,"tweedie",3800.81909339163,0.75734374690956,0.0861654931833692,0.309398519793845,0.0266594760482411,0,1.5,"quantile_regression",2813.26577963471,0.850721631190477,10.419792751835,-93.5113334748856,94.6336453556004,55.2938496233943,"wilcoxon",0.72220524537895
"lm",2819.30112456323,0.484679162867896,38.9908866591187,0.700111983856475,27.2979870112386,"anova",0.270248029580406,0.135234001244298,0.122319027325045,"tweedie",4177.3054426337,0.485510691003927,0.0941723505092869,0.69877808285299,0.0658055745466394,0,1.5,"quantile_regression",2867.17448593781,0.353792386130997,71.398106246022,-32.6778396290486,158.164808294832,76.8183412047838,"wilcoxon",0.364026717959369
"lm",2797.98936648673,0.134379495592262,36.9678474946298,1.5032049306674,55.5702506300879,"anova",0.0246471443325032,0.276075001343494,0.121931832286613,"tweedie",4007.26196352199,0.136740299299321,0.0874970541748674,1.49410421667106,0.130729717588965,0,1.5,"quantile_regression",2852.39835317076,0.482549385758732,48.190269365798,-110.01846308266,173.474634271944,68.4974091551786,"wilcoxon",0.0949082242608219
"lm",2820.55965568092,0.00770438804299723,39.113757964875,2.69227673254806,105.305060491349,"anova",0.0215073861796794,0.283449752555434,0.122316821511799,"tweedie",4160.25809364451,0.0076722401953682,0.0940954397324702,2.69372291077498,0.253467041806802,0,1.5,"quantile_regression",2870.01813352358,0.0221860745572906,184.719136513457,35.1536612648374,293.0923050226,80.1280887726562,"wilcoxon",0.0123910151091509
"lm",2815.72503085238,0.173241703402213,38.6438525921126,1.36678792011474,52.8179509095944,"anova",0.220928404023663,0.15282894972926,0.124459941466686,"tweedie",4190.4695789054,0.173667918114135,0.0941559910013629,1.36542764409716,0.128563192970625,0,1.5,"quantile_regression",2868.00378607006,0.305263308674214,76.621739209095,-7.28185421291682,215.318299885559,74.5439296787116,"wilcoxon",0.197437152352509
"lm",2824.08703497979,0.000143069487382762,39.4602059368721,3.87834874489445,153.040440168544,"anova",5.1346480943752e-05,0.577550549375064,0.139500840000778,"tweedie",4352.02468492447,0.000208034888990355,0.099556281810406,3.7793308890904,0.376256131049056,0,1.5,"quantile_regression",2861.87809187036,0.00126302264751166,224.081500945845,146.38516571928,286.446969175485,68.5000892558407,"wilcoxon",9.97921073247042e-05
"lm",2777.37785198171,6.0181022411995e-07,35.1111857472865,5.15862462911343,181.125427553328,"anova",1.35217282212415e-07,0.622916007834935,0.113890299207592,"tweedie",3886.49818695625,1.00336782046783e-06,0.0935945438074789,5.0491866769122,0.472576323624397,0,1.5,"quantile_regression",2814.41551791991,0.000793648313902384,214.151554698857,107.746867797412,284.69523918943,62.8442748425919,"wilcoxon",8.03876978052144e-07
"lm",2807.67010900399,0.000841947574571745,37.8734524851899,3.39054479811564,128.41163731034,"anova",8.60677308279288e-05,0.492408335636328,0.122801857362154,"tweedie",4053.56847708141,0.00112671312143199,0.0872050768901797,3.30518281226232,0.288228721279436,0,1.5,"quantile_regression",2857.63056646647,0.00508914230610591,194.316693606472,104.779654062453,335.259783176381,68.5914516208834,"wilcoxon",0.00109236576362256
"lm",2814.10058720522,0.00659688055714751,38.4872339279967,2.74556485533927,105.669196851929,"anova",0.00405072567289286,0.384178613205493,0.132103707267681,"tweedie",4253.7893459081,0.00714246473608659,0.0941073995227225,2.71837925755697,0.255819602845196,0,1.5,"quantile_regression",2866.2036345375,0.0098538116252489,183.22005175144,43.0446584819007,267.850984690509,70.3039818290442,"wilcoxon",0.00475267550808153
"lm",2791.12337627903,0.0467166221252081,36.3387103067483,2.00138140744501,72.7276191784565,"anova",0.088742556215769,0.201777612378993,0.117965157587219,"tweedie",3970.19660179212,0.0475679973279291,0.0903104692762917,1.9936036110668,0.180043277666352,0,1.5,"quantile_regression",2828.28469829352,0.0755418051456049,93.936705875732,33.1632550070807,210.925705543073,52.5802281044358,"wilcoxon",0.0431862390395513
"lm",2783.63783193286,0.006424799712423,35.6649962947689,2.75456265180959,98.2414667704979,"anova",0.037554576101689,0.243647935705364,0.116368694221979,"tweedie",3910.00286717769,0.00631316491426665,0.0879097559876081,2.76051739862137,0.242676410912352,0,1.5,"quantile_regression",2832.95793604311,0.228482366783706,79.689459253513,-15.4080837128436,218.097380065869,65.9672768201841,"wilcoxon",0.00828860448865441
"lm",2805.32904489009,0.0658630536005038,37.6524394220473,1.84959035870732,69.6415889368299,"anova",0.0144175130993774,0.330268160763617,0.133795581840456,"tweedie",4240.88253559305,0.0699538134494372,0.0952354111376665,1.82206518902048,0.173525127395995,0,1.5,"quantile_regression",2844.39412354254,0.0424967880351343,132.956627148486,58.1733507645721,232.923568689332,65.1171172499111,"wilcoxon",0.034659895019106
"lm",2831.07454439141,0.106898474264968,40.1555833498197,1.61965296015402,65.0381094392469,"anova",0.148898474293615,0.191993984970969,0.132494142885798,"tweedie",4343.2814232444,0.10839985279504,0.097517222069975,1.61271178884327,0.157267173647495,0,1.5,"quantile_regression",2878.80002007279,0.25475383953579,82.348943705347,-10.3876891813573,237.476589382708,72.0973282438309,"wilcoxon",0.102383747144546
"lm",2807.82721392761,0.0567146619835502,37.8883306714442,1.9167097856243,72.6209341589263,"anova",0.153656562915578,0.183058719499122,0.127814322825029,"tweedie",4183.6051478669,0.0574377506015604,0.0958288258281164,1.91108737191574,0.183137258905626,0,1.5,"quantile_regression",2850.86839602418,0.101201991348342,101.568601828735,15.5151098386118,236.055949843655,61.6793682533661,"wilcoxon",0.0571478554555165
"lm",2803.79590731933,0.330009660644535,37.5083997154694,0.976497232506527,36.6268485179045,"anova",0.0647108670289033,0.233177946348861,0.125526545420916,"tweedie",4115.5356465221,0.332358355880135,0.0932850636954973,0.971754413175764,0.0906501723294818,0,1.5,"quantile_regression",2846.63666880813,0.313850883328412,57.207210448579,-18.5287560087578,166.89233183621,56.6552298007356,"wilcoxon",0.222285713851042
"lm",2802.21811221347,0.0138610941445465,37.360739704726,2.48295267587478,92.7649486225104,"anova",0.0246920923041649,0.292515325368402,0.129233826852137,"tweedie",4062.29106736416,0.0149975369658038,0.0859081897873555,2.45385907343085,0.210806590991721,0,1.5,"quantile_regression",2844.57368276238,0.00847291674517803,156.866411870232,53.5595123480985,214.306909336473,58.9893924066178,"wilcoxon",0.0143055758754555
"lm",2798.12742431923,0.0274134475796141,36.9806089490191,2.22202878774849,82.1719776731897,"anova",0.0123202186079225,0.278453043199474,0.110235053844503,"tweedie",3884.13398546569,0.0278762932159917,0.0883656514586681,2.21534189991155,0.195760130189368,0,1.5,"quantile_regression",2849.14430829999,0.614085353873926,34.449918325121,-28.8447148755277,246.199705813206,68.2108982442661,"wilcoxon",0.0238887955514705
"lm",2809.12414552253,0.127489965608605,38.0113764739519,1.53049651588777,58.1762792574819,"anova",0.152413264973304,0.176421640551029,0.122806004859052,"tweedie",4113.862696031,0.128421677589113,0.0890175957887589,1.52673927870044,0.135906659986177,0,1.5,"quantile_regression",2866.47163935305,0.49779710731353,50.822254600933,-64.1404045774394,208.699782625092,74.8253817885282,"wilcoxon",0.107089306317542
"lm",2811.49197450485,0.697269147737857,38.2370548719425,0.389575533597854,14.8962210549474,"anova",0.303214094132126,0.13195638106316,0.127833710702624,"tweedie",4280.77020962935,0.697733340304394,0.101367480183907,0.388946949930717,0.0394265722396929,0,1.5,"quantile_regression",2855.22892478305,0.353045166898269,65.167798672111,-57.34498710848,163.483885942943,70.0060661320464,"wilcoxon",0.497746067840781
"lm",2804.49131410098,0.235243070531683,37.5736654206261,1.19058219269692,44.7345369641494,"anova",0.0728034623087523,0.233037461760578,0.129201978407859,"tweedie",4210.52347666147,0.237652210604943,0.0958349087259646,1.18445661080212,0.113512291186087,0,1.5,"quantile_regression",2852.66092967063,0.29632510152957,67.00568885272,-32.7422362333628,214.290163160936,63.9910310408684,"wilcoxon",0.156791941996226
"lm",2798.39308047146,0.00779919088342121,37.0051774222757,2.6880435096515,99.4715269934506,"anova",0.00110915572274103,0.413975979115889,0.12507479579312,"tweedie",4065.991225618,0.00875985802223483,0.0938893084455619,2.64758260381759,0.248579699724934,0,1.5,"quantile_regression",2837.77715149771,0.0233062194965843,144.813129636418,60.8592774560212,217.802296304124,63.3447558250521,"wilcoxon",0.00482562642393147
"lm",2801.39807779875,0.0317222141235808,37.2842254311531,2.16322225187638,80.6540660966457,"anova",0.0209896261641699,0.287717209974772,0.123656047586597,"tweedie",4063.79058347062,0.033754735672978,0.0904573812043645,2.1378516054427,0.193384457631893,0,1.5,"quantile_regression",2843.58443792741,0.0246594551236954,138.875761488404,72.9618610934952,226.044413293833,61.341467979606,"wilcoxon",0.0212848063631179
"lm",2808.67363927329,0.175434116153022,37.9685896665201,1.35981740589826,51.6303491059429,"anova",0.306947210624093,0.11963456790957,0.116797339886715,"tweedie",3947.89302172833,0.174900742192118,0.0825919102096441,1.36150714600797,0.112449475952879,0,1.5,"quantile_regression",2858.92792828626,0.406346065002198,57.243290441687,-23.726699259906,207.610207332122,68.7924583876853,"wilcoxon",0.218604884907238
"lm",2782.68393082805,0.00299520088485796,35.5800454300119,3.00542037028113,106.932993310886,"anova",0.00655361640287039,0.331459284183418,0.120626849244389,"tweedie",3956.70527516012,0.00302595682443425,0.0912253109621949,3.00216834365531,0.273873740710813,0,1.5,"quantile_regression",2828.08125308797,0.0362863671198865,128.811508641764,26.8667071636103,231.033587911209,61.1051480734675,"wilcoxon",0.00413968320136324
"lm",2823.59391145776,0.0238619910533877,39.411589021381,2.27688857955997,89.7357969450936,"anova",0.0359471327852914,0.287933861479837,0.136337450875843,"tweedie",4330.43021579273,0.0244019284356501,0.0959464359443952,2.26810717076873,0.217616799375185,0,1.5,"quantile_regression",2870.48227480397,0.71282728707915,27.714484553062,-42.4807504164865,193.76461025799,75.19058717523,"wilcoxon",0.0452463289192234
"lm",2809.49755533502,0.0250647062620393,38.046877594361,2.257556957335,85.892993218023,"anova",0.00256547799168492,0.408686538527266,0.133802833714272,"tweedie",4196.06948249083,0.0273895707954816,0.0925590075691944,2.22237639821913,0.205700953864363,0,1.5,"quantile_regression",2859.84804856353,0.13460435799129,111.81054233412,43.9128811790844,291.556373418844,74.424618127193,"wilcoxon",0.0139219516473281
"lm",2797.81765762192,9.59391625405522e-05,36.9519816324403,3.98197363827462,147.141816742385,"anova",3.1299191619295e-05,0.602949843861357,0.141464130407403,"tweedie",4173.98216371091,0.000148127622242083,0.0961619603623023,3.86924040406698,0.372073742368108,0,1.5,"quantile_regression",2829.52958211046,0.000111124935376239,225.068772441623,149.95390014244,310.462551116428,57.0645347726834,"wilcoxon",9.58474714359738e-05
"lm",2810.37369410912,0.0602181162355779,38.1303047899918,1.89000597599009,72.0665039194079,"anova",0.0396048007359677,0.285345278025301,0.137745699356041,"tweedie",4345.12546998635,0.0617042684270371,0.0985882000875879,1.87906927567346,0.185254057728534,0,1.5,"quantile_regression",2867.47266891272,0.0923777840878133,125.74277462447,-33.6536033259789,271.051921781879,74.3525491354041,"wilcoxon",0.0434393357201973
"lm",2829.40703573897,0.671740742221796,39.9885323338158,0.424391960305481,16.9708116268872,"anova",0.154645008208636,0.200097252995177,0.140048271834855,"tweedie",4431.11918792735,0.672467760515073,0.0950808742130353,0.423393453504582,0.0402566196952918,0,1.5,"quantile_regression",2880.76053075942,0.795413579296653,19.92307107607,-84.8922827325057,121.636105711306,76.7343377175334,"wilcoxon",0.482383420454445
"lm",2800.11835777224,0.184432454313668,37.1651326146701,1.3318747629969,49.4993021929121,"anova",0.0432241378735651,0.270649452727396,0.133023228409911,"tweedie",4128.02775265341,0.1885783398503,0.0939729132898335,1.31934225018824,0.123982434876553,0,1.5,"quantile_regression",2840.50744208746,0.0935165606630641,98.769194128262,31.2313278243818,191.048301814348,58.6081888204747,"wilcoxon",0.0825589184049547
"lm",2813.35615484748,0.053866771725828,38.415672683545,1.93945587687907,74.505502150364,"anova",0.102985236086386,0.191925877116991,0.117162429983015,"tweedie",4026.18811339753,0.0546794819414017,0.0880564709283125,1.93286371689335,0.170201157695009,0,1.5,"quantile_regression",2864.13122980126,0.00334445395266036,200.079485348507,31.6166535834995,284.241473717051,67.363015288474,"wilcoxon",0.0742782554124742
"lm",2792.4995347171,0.00376197448974617,36.463945169031,2.93221217626387,106.920024019251,"anova",0.00127460850314649,0.364147805202036,0.111410117571877,"tweedie",3855.44964253418,0.00429364458712679,0.0835960332398033,2.88910952290678,0.241518095710348,0,1.5,"quantile_regression",2844.48527896907,0.0343411807921465,138.002725662985,39.1915910535588,238.31625485515,64.7664020606706,"wilcoxon",0.00266326930337557
"lm",2800.05374343497,0.934226964712942,37.1591295985006,-0.0826328394436897,-3.07056438998016,"anova",0.885488013641535,-0.0177582015241499,0.123148512642236,"tweedie",4010.2671392957,0.934228688574861,0.0898612777364533,-0.0826306687381763,-0.00742529747303014,0,1.5,"quantile_regression",2835.91354729351,0.912705950527456,6.03837367776896,-78.1818628870458,67.0538688615125,55.0112188422009,"wilcoxon",0.894063131954483
"lm",2797.63329753675,0.177991052388991,36.9349543804709,1.35177015742071,49.9275690972159,"anova",0.0291990936349504,0.252185204187463,0.114799287226861,"tweedie",4013.12922650716,0.181926821822013,0.0938842252206782,1.33955114131534,0.125762721045866,0,1.5,"quantile_regression",2836.22001772311,0.12279182575589,83.134927826807,21.4705234972286,203.785950454103,53.6431393746943,"wilcoxon",0.0766879596526926
"lm",2788.89607715283,0.0352472033751501,36.1369296661276,2.120047654062,76.6120129636773,"anova",0.00726651415608791,0.351836011618176,0.129710986255147,"tweedie",4138.43009585979,0.0372801770566379,0.0969245568917126,2.09681097737324,0.20323247486758,0,1.5,"quantile_regression",2828.30984960378,0.0394769696873887,112.341759121178,10.237383505915,235.055988937343,54.1956347858566,"wilcoxon",0.0143055758754555
"lm",2776.54397468357,0.187580112339018,35.0380659381898,1.32234088322356,46.332267059151,"anova",0.118284502826144,0.181728737932485,0.115837187741583,"tweedie",3854.09551423577,0.190046415672614,0.0869307878824328,1.31495356805522,0.114309949699856,0,1.5,"quantile_regression",2813.29463642605,0.224711612109204,67.704732926598,-4.55659008667776,217.411978460585,55.5914079299411,"wilcoxon",0.11931376878805
"lm",2814.23998675864,0.289622176485059,38.500649023489,1.06179490236419,40.8797928708536,"anova",0.358576344946344,0.126738421580209,0.137725865985402,"tweedie",4247.07233118332,0.291070406863752,0.0928253522297831,1.05860290024063,0.0982651870863066,0,1.5,"quantile_regression",2865.14286547359,0.165893950055679,95.625388790203,-12.8664857573568,185.542530828225,68.7633120436142,"wilcoxon",0.257419767806892
"lm",2795.31335693846,0.0424091457279107,36.7213571449396,2.04268284415075,75.0100862539008,"anova",0.0413749418202153,0.243437712060907,0.118569140149768,"tweedie",3986.83929517417,0.0439786341187593,0.0877731229416163,2.02723762776363,0.177936977533568,0,1.5,"quantile_regression",2838.10534214916,0.0311048882417704,141.828421630246,87.2103106935931,208.569721186289,65.3224189278041,"wilcoxon",0.0419393720815036
"lm",2782.65870506651,0.0687782141290263,35.5778016664098,1.82983575622444,65.1015336170583,"anova",0.00615356829950044,0.363244076576091,0.131172999890551,"tweedie",4032.63368747791,0.072898995614059,0.093452399905085,1.80306151297194,0.168500425563721,0,1.5,"quantile_regression",2816.32339490523,0.132871661364502,86.57542553682,5.93605650825713,167.098076979585,57.3695629073782,"wilcoxon",0.0312521486295327
"lm",2796.30118586308,0.0142232051258483,36.8121552618983,2.47345929135409,91.0533674673119,"anova",0.0280108900066658,0.25805464723585,0.116586630049651,"tweedie",4001.19719972405,0.0145645907699568,0.0932277266548187,2.46470402152025,0.229778752803323,0,1.5,"quantile_regression",2832.75516537108,0.010918089657324,149.649552248303,62.4865406570085,221.47291065203,58.2393769189867,"wilcoxon",0.0194339085784253
"lm",2790.65112572252,1.58790783163579e-05,36.2958331822481,4.42547154564124,160.62617697338,"anova",9.61013872387724e-05,0.551374922385466,0.138482834701483,"tweedie",4202.40162558887,2.15149385714122e-05,0.0966307962348427,4.35295492492412,0.420629500369798,0,1.5,"quantile_regression",2827.32369918939,0.000619161371986809,206.306480151309,116.211889163162,289.742465977458,59.30305192495,"wilcoxon",1.73360060124013e-05
"lm",2811.5731738485,0.0110840352874847,38.2448177192348,2.56415062645106,98.0654733132827,"anova",0.00294205124493681,0.396708331423353,0.131748059250555,"tweedie",4247.54598671198,0.0119760933136772,0.0964911520105787,2.53625894838799,0.244726547727096,0,1.5,"quantile_regression",2860.05914496838,0.0429064831362187,136.565941313287,15.6854034847544,224.671695020512,67.0184451066979,"wilcoxon",0.00782268125843897
"lm",2799.32907009279,0.175815320553904,37.0918699668781,1.35861210705493,50.3934636103079,"anova",0.101966756786391,0.203198757480889,0.123674264447675,"tweedie",4040.10460467481,0.178204064054285,0.0899544630486495,1.3511036863616,0.121537806629708,0,1.5,"quantile_regression",2846.41682492522,0.126501770878455,95.271401781859,-9.12311960883799,232.67856309761,62.0860761893287,"wilcoxon",0.135141041965143
"lm",2806.06569714111,0.0189390600473483,37.7218451979737,2.36616147607155,89.2559769137802,"anova",0.0189615204258007,0.305131962663826,0.128981141095617,"tweedie",4202.96898199044,0.0202886561152452,0.0933760463943604,2.33982861132447,0.218483944965885,0,1.5,"quantile_regression",2852.67981330782,0.0275739758446909,156.43792806505,87.6384018883217,234.414012956694,70.4771053313958,"wilcoxon",0.0193072527507208
"lm",2773.85713157867,0.000692160665971901,34.8035001572737,3.44702931777609,119.968685403347,"anova",0.00137947676696824,0.409983678320277,0.126348095439227,"tweedie",3954.5144901161,0.000771642234354721,0.0883722050953085,3.4157747766713,0.301859549123378,0,1.5,"quantile_regression",2812.18621477501,0.0661150884799975,97.223013342853,55.2175401680874,210.594982337958,52.6140093895589,"wilcoxon",0.000934393155069736
"lm",2814.79008543994,0.000100977144082926,38.5536333390331,3.9688163824222,153.012291597853,"anova",8.65774477838785e-05,0.522036762033307,0.130239892593242,"tweedie",4289.56384741332,0.000134541692697547,0.0994090033142315,3.89442045714366,0.387140456131205,0,1.5,"quantile_regression",2856.93127589795,0.000190035569993308,250.127671581096,139.235740615751,377.466892253866,65.7634586266155,"wilcoxon",0.000211058015462224
"lm",2812.99019461035,0.407848071759645,38.3805422347174,0.829451070649364,31.8347818486895,"anova",0.358914571420567,0.122107776809168,0.132787392367343,"tweedie",4229.40345421451,0.408245514046374,0.0934718101036296,0.828746954084175,0.0774644779161174,0,1.5,"quantile_regression",2869.00439322941,0.559537027272543,42.777981117332,-84.775149571156,167.385993456189,73.1850068377524,"wilcoxon",0.361449929449826
"lm",2809.27763309497,0.02966377931982,38.0259649574614,2.19039054239265,83.2917140081779,"anova",0.00387408166740463,0.438002077494966,0.149863199681857,"tweedie",4297.14306947845,0.0326655126872337,0.0925903068504607,2.15127839720374,0.199187526917861,0,1.5,"quantile_regression",2858.66856682704,0.103198316502255,117.448150562833,-12.2379895359304,223.837766386196,71.7416666979791,"wilcoxon",0.0171476796667363
"lm",2779.09445636403,0.00136323821557095,35.2621895711197,3.24842613727026,114.546618260204,"anova",0.00146568266563331,0.403544973624649,0.125066434528946,"tweedie",4004.04670502655,0.00149011522620916,0.0930332456988865,3.22165944206863,0.299721434432108,0,1.5,"quantile_regression",2823.02219246167,0.109113319457286,94.425492658318,21.8016535698225,232.571908886985,58.6697763021138,"wilcoxon",0.0011113659012575
"lm",2798.26637636394,0.00282737153708104,36.9934575086275,3.02372611755555,111.858083647518,"anova",0.000737271341225339,0.399100464323573,0.116393070908158,"tweedie",3963.37096382529,0.00321578703832728,0.0907216072296568,2.98274392786957,0.270599323090827,0,1.5,"quantile_regression",2832.38522439593,0.00708375815347373,162.896264229589,115.760042791487,223.065200647796,59.8616481431514,"wilcoxon",0.00300236381105397
"lm",2817.61910934484,0.0604837443262683,38.8272727397386,1.88803478422508,73.3072415092207,"anova",0.00869320917602761,0.3441146339878,0.129841976556933,"tweedie",4204.28279453889,0.0628851625739012,0.094015839426303,1.87053457067006,0.175859877837465,0,1.5,"quantile_regression",2866.15126944876,0.0923045159110734,115.394158762484,7.50830864333831,216.70765600838,68.2178868551636,"wilcoxon",0.033422573730037
"lm",2805.53435182451,0.0324941520689641,37.6717701498164,2.15342580136088,81.1233618235512,"anova",0.00486150450976164,0.338711259395113,0.118922912840857,"tweedie",4009.03725386497,0.0349900628109946,0.0897225678844251,2.12306828227076,0.190487138079308,0,1.5,"quantile_regression",2844.79659811219,0.00904071802717143,144.938141575756,7.89839326041584,239.768376476448,54.9734995225192,"wilcoxon",0.0169213308800823
"lm",2817.11813240734,0.0196510922762319,38.7786742590168,2.35207002274667,91.2101572464914,"anova",0.00836480155227862,0.349260864767576,0.131118098757172,"tweedie",4192.57077932797,0.0208485098055718,0.0942732646360554,2.32935500617703,0.219595900928648,0,1.5,"quantile_regression",2862.59860052132,0.0546096830031546,140.871698815004,80.3146613539294,251.781030020252,72.8611555958433,"wilcoxon",0.0166976085925641
"lm",2812.73456990235,0.913438433964049,38.3560225331,0.108841495477655,4.17472685307722,"anova",0.18543931805267,0.165257141158983,0.124364576490201,"tweedie",4073.91080740728,0.913496971147265,0.087290178485241,0.108767599006991,0.00949434313073136,0,1.5,"quantile_regression",2862.96049950136,0.437565414799316,56.990097837206,-118.655420730156,141.638786728093,73.2628986989025,"wilcoxon",0.714897451163196
"lm",2805.2929545089,0.0858852206274701,37.6490423480725,1.72612292425925,64.9868750734154,"anova",0.0156174461207503,0.303437659821638,0.124420637544089,"tweedie",4110.5887103324,0.0888346181608555,0.0902596163233677,1.70998782124686,0.154342844663373,0,1.5,"quantile_regression",2861.99905683496,0.51664606306849,45.895989877804,-33.974975265503,219.491095812234,70.6430031964388,"wilcoxon",0.0696444395418857
"lm",2790.8733551878,0.00559731828818572,36.3160037938595,2.80114301094258,101.726320212534,"anova",0.00456147174952955,0.358606181611194,0.124984042756367,"tweedie",4086.36003096778,0.00631680271249683,0.0950902216983164,2.76032185407036,0.262479617062258,0,1.5,"quantile_regression",2821.7900718338,0.0029310396760156,153.401749503882,88.7090849749798,226.037929066989,50.9250464072113,"wilcoxon",0.00359930717408643
"lm",2779.0951505001,0.0286664146440663,35.2622507630672,2.20414639769231,77.7231629939373,"anova",0.0428576712465439,0.254682213277152,0.124953254538944,"tweedie",3993.29033217288,0.029611560453802,0.0895915346875958,2.19110073370363,0.196304077387625,0,1.5,"quantile_regression",2822.47954440898,0.0150940898468239,157.282938550538,103.192403014289,241.268364421651,64.1584012424921,"wilcoxon",0.0376999426171437
"lm",2777.80298150134,0.000360658766201693,35.1485225888391,3.63011230514884,127.593084357546,"anova",0.000480753834037971,0.422816536375447,0.119093917243063,"tweedie",3979.50850864559,0.00041081003900659,0.0953219933563836,3.59411619359661,0.342598319928086,0,1.5,"quantile_regression",2806.4451891458,0.00816127570952929,146.619453791293,92.8547590395783,201.222859080864,54.8665640803414,"wilcoxon",0.000329968297559611
"lm",2809.77201180083,0.430184939341066,38.0729920813476,0.790494267497324,30.0964819867763,"anova",0.359913687579116,0.112820684539451,0.122943975148953,"tweedie",4148.08452295218,0.430211631973035,0.094768950268722,0.79044843710326,0.0749099686258279,0,1.5,"quantile_regression",2852.63614081744,0.67223523700485,25.492572190162,-48.1126548276821,109.84859969935,60.1647495815254,"wilcoxon",0.452446808932183
"lm",2801.4684909583,0.118848628323605,37.2907892591465,1.56641350675129,58.4127959729431,"anova",0.0346423312619079,0.2585368598927,0.121539513434459,"tweedie",4119.11227331578,0.121617768214317,0.0965615032735115,1.55468613956624,0.150122830755008,0,1.5,"quantile_regression",2839.52941317757,0.0445226757811863,117.115948365383,33.5130943964188,187.559326544761,57.9210407880459,"wilcoxon",0.0549486584522586
"lm",2802.70567034832,0.559351133303093,37.4063063009586,0.584795328533695,21.8750331825011,"anova",0.779569625189103,0.0366925743954385,0.130922723431694,"tweedie",4152.98989338723,0.559489614474502,0.0929758582785053,0.584589006964866,0.0543526646627375,0,1.5,"quantile_regression",2847.8242042857,0.546628881233476,39.664459717051,-42.477448908512,136.330323331216,65.6850148314633,"wilcoxon",0.591734742704935
"lm",2789.98433811895,4.74331900154618e-05,36.2353795543418,4.15985431154838,150.733899869721,"anova",7.25780921433569e-05,0.509121365423618,0.125611472267669,"tweedie",4046.94627939333,6.68149723150838e-05,0.0922700133504553,4.07406491644896,0.375914024231368,0,1.5,"quantile_regression",2825.82093551235,0.000217592334996519,202.084878711028,122.501376882306,306.411873431815,53.6415708427597,"wilcoxon",4.06644516490496e-05
"lm",2793.26125121347,0.000765984807408557,36.533449297473,3.41789745539899,124.867583390781,"anova",0.0017322764134369,0.384146060747995,0.120953744346549,"tweedie",3990.86535195706,0.000847977000433799,0.0934935261888929,3.38847374124538,0.316800358467501,0,1.5,"quantile_regression",2821.30613282205,0.0145497434853059,155.226990435276,67.8062497406693,230.614190023752,62.9703410350729,"wilcoxon",0.001019330268951
"lm",2813.05208383913,0.00662596792440352,38.386481049539,2.74406498575363,105.334998574335,"anova",0.00625097632234248,0.363119419340481,0.131380495496929,"tweedie",4192.73149619169,0.00714192907852913,0.0910647709363488,2.71840501344452,0.247550929861547,0,1.5,"quantile_regression",2861.83647449198,0.00361623989695192,213.660205955693,107.587841541175,288.507383167894,72.5501266472781,"wilcoxon",0.00871649084155993
"lm",2787.49748195987,0.418931328309654,36.0107979633215,0.809967310341225,29.1675691695928,"anova",0.109346813874089,0.192215062477823,0.119508998720665,"tweedie",3977.38699515554,0.421044037035499,0.0892067399422445,0.806288205745444,0.0719263422884327,0,1.5,"quantile_regression",2827.69758180839,0.341631358536572,55.45781529576,-47.711546837439,137.801105193908,58.1783040505941,"wilcoxon",0.269944627242894
"lm",2793.73086244,0.00375875452795804,36.5763657799565,2.93248980442779,107.259819732744,"anova",0.000646465963151491,0.463783968192731,0.133788106770094,"tweedie",4137.92750521091,0.00412806897243249,0.0965480147252355,2.90198316817909,0.28018071365374,0,1.5,"quantile_regression",2830.709275676,0.0685559893357357,94.476839255514,22.8331166336317,221.088319802319,51.5895613139842,"wilcoxon",0.00259980265645118
"lm",2792.08350432091,0.143080936066221,36.4260396108897,1.47025149124903,53.5554390582068,"anova",0.0674690430910781,0.205853802809805,0.111961053950526,"tweedie",3902.52881891658,0.144762183686513,0.0873741116429514,1.46406441515045,0.127921327661828,0,1.5,"quantile_regression",2838.43165712819,0.0699604471639153,114.757868563951,3.93594664396638,155.3410778157,62.9838117771794,"wilcoxon",0.114186832220252
"lm",2789.64719897897,0.0620243195877538,36.2048515096479,1.87674280360226,67.9471945262201,"anova",0.0267300236731978,0.255965284626411,0.114675462669064,"tweedie",3927.59019946651,0.0635947132447892,0.0889932904422374,1.86547043250604,0.166014352011417,0,1.5,"quantile_regression",2834.64313458383,0.141083887900639,95.736439757481,-9.73026739294243,184.748876059497,64.7885978237859,"wilcoxon",0.0507616302971017
"lm",2789.46442208767,0.134716715545149,36.1883117632679,1.50189739294689,54.3511310924013,"anova",0.0882519094511088,0.203107770062832,0.118558718866406,"tweedie",3930.22040944552,0.136263960514275,0.0838706941898008,1.49593056477979,0.125464734927822,0,1.5,"quantile_regression",2839.20363205754,0.309211618741695,63.48802837354,-43.7135895649111,171.536718056159,62.2739356893836,"wilcoxon",0.12948830296208
"lm",2804.36122974792,0.0143256043915533,37.5614480424499,2.47081369817587,92.8073403466066,"anova",0.000381176621165409,0.476493526140877,0.131815631118791,"tweedie",4139.69349442538,0.0168489827596929,0.0923819092885869,2.4104059021512,0.222677899401207,0,1.5,"quantile_regression",2840.37943076857,0.00917168470688789,156.401994498139,61.6109064838606,246.511103547095,59.4356435096571,"wilcoxon",0.00632408116471655
"lm",2796.8243207597,0.00169712596129253,36.8603310656795,3.18222385115565,117.297824678699,"anova",0.00295193376159185,0.402461666377075,0.13370607860495,"tweedie",4169.92067738489,0.00194831042610721,0.0942523047124098,3.13996712359054,0.295949138119604,0,1.5,"quantile_regression",2830.48504996263,0.000445843691712078,192.469892761798,111.596625150361,247.598788175136,53.8927685470122,"wilcoxon",0.00164219360725591
"lm",2778.70568259843,0.121443246538174,35.227933685497,1.55541899090896,54.7941970649036,"anova",0.111537233866108,0.193623642674662,0.121132058599931,"tweedie",3988.50309679049,0.122642520625934,0.0929720154251276,1.550399633795,0.144143778668301,0,1.5,"quantile_regression",2819.1167591422,0.110399247441829,89.696818302715,-5.73209383377795,160.718191780094,55.9351394056917,"wilcoxon",0.0983405143824425
"lm",2799.50414411473,0.000196569253615239,37.1081080773484,3.7944507195636,140.804887395738,"anova",9.44132418176197e-05,0.526901649486957,0.132185131804904,"tweedie",4144.18079599435,0.000274127292023331,0.0930504452039119,3.70508344583453,0.344759664152547,0,1.5,"quantile_regression",2842.69708504466,0.000824233009291575,215.113246314709,140.578355270342,323.122679165604,63.3298681004912,"wilcoxon",0.000151575165593945
"lm",2796.68284594588,0.00294395860640079,36.8472963497333,3.01090735527884,110.943795601551,"anova",0.011924933480261,0.321701206598379,0.126763439594098,"tweedie",4078.92454484332,0.00303316856629161,0.0901409336206691,3.00141019730074,0.270549917363285,0,1.5,"quantile_regression",2848.07053510371,0.00367601410400464,194.627879659539,47.7948117663126,265.807572368946,66.2067254206533,"wilcoxon",0.00371351972625816
"lm",2811.5313785115,0.0017748489596352,38.2408217903903,3.16856198916384,121.168414359419,"anova",0.00702193146322807,0.361197079698019,0.132587370414487,"tweedie",4285.34011887275,0.0017117019602831,0.098044282732292,3.17961816342452,0.311743382195525,0,1.5,"quantile_regression",2858.35243140449,0.105429846271535,115.400222280006,49.2688665644887,233.630134559726,70.9492247165457,"wilcoxon",0.00324983416243666
"lm",2797.95558096513,7.20930367335948e-05,36.9647251814678,4.05484249254307,149.886138390992,"anova",1.01777246423707e-06,0.602785756639141,0.119455506614453,"tweedie",4019.16908758924,0.000135589752955302,0.0906429633432628,3.89239396152344,0.352818123171906,0,1.5,"quantile_regression",2836.15161495107,3.4079604334547e-05,237.369766635031,173.018130171673,344.659871187828,55.9648728340642,"wilcoxon",3.93946124898401e-05
"lm",2793.33189415855,0.0155657472628114,36.5399019433793,2.44003992423565,89.1588195695011,"anova",0.0272607243612614,0.277124777394822,0.124592079997099,"tweedie",4140.14588757879,0.0162602928483141,0.0996380432006049,2.42374316403998,0.241497026085786,0,1.5,"quantile_regression",2824.47466933172,0.0359523399354729,118.67748863132,55.8108314059086,216.168563889127,56.1957024050615,"wilcoxon",0.0153057105651514
"lm",2811.5391923521,0.0623816250992732,38.241568816901,1.87415732201744,71.6707162036289,"anova",0.0379590360227678,0.291636095131801,0.139585971462961,"tweedie",4320.15570037015,0.0643051114222888,0.0997870781959453,1.86044714495599,0.185648584733147,0,1.5,"quantile_regression",2860.73118323198,0.148950669925768,115.969503251311,10.8894214242759,214.046397728465,80.0403406989362,"wilcoxon",0.0308708030770199
"lm",2814.04676584189,0.0718040160175722,38.4820556878778,1.81005150889807,69.6545029633426,"anova",0.0700153785768444,0.230929224381491,0.126768479110663,"tweedie",4220.83309719005,0.0725894621742963,0.0966393528199649,1.8050286442675,0.17443680000351,0,1.5,"quantile_regression",2859.80612326339,0.166105621952873,96.619738567583,29.6006087352269,193.183810194752,69.513247620998,"wilcoxon",0.0568292718714211
"lm",2818.53740751726,0.00886819534780354,38.916512670618,2.64327389735797,102.867002118445,"anova",0.00620707150318443,0.347129802403559,0.125486788510917,"tweedie",4083.46066449182,0.0095868371032585,0.0898289563784703,2.61583586601068,0.234977805901111,0,1.5,"quantile_regression",2870.23211057041,0.0144256673936161,169.096562011176,48.1784392368565,284.884072595017,68.5088335476893,"wilcoxon",0.00776612201099256
"lm",2813.82053154073,0.0148446728401683,38.4602969392378,2.45765606782537,94.5221821430833,"anova",0.00450107259146887,0.372002074167304,0.129454743857359,"tweedie",4247.92628230203,0.016103037504647,0.0925715093595317,2.42737821262644,0.224706064929272,0,1.5,"quantile_regression",2873.64160689217,0.0287958134309823,169.170225149578,24.0141454094879,314.84909743277,76.8139076076222,"wilcoxon",0.0122210883974956
"lm",2820.32655989634,0.0998760087504379,39.0909714745626,1.65319416440942,64.6249659228418,"anova",0.00363339441172236,0.372470514880034,0.126541234733176,"tweedie",4218.31356314452,0.105387403105631,0.09362832972003,1.62671798453922,0.152306887817941,0,1.5,"quantile_regression",2866.60305983619,0.039708266921388,155.885815861854,61.3215997226134,220.001983592221,75.2910941673611,"wilcoxon",0.0519297250268917
"lm",2797.45130742512,0.126996344149068,36.9181537115292,1.53249582988136,56.5769166098376,"anova",0.0256927591962778,0.277071397502116,0.123264369484706,"tweedie",4126.64686583365,0.130629388587639,0.099023480238633,1.51792088409467,0.150309808669957,0,1.5,"quantile_regression",2826.07768436567,0.0808768453266828,87.473195974182,33.7510302336279,160.067160540005,49.8540114346109,"wilcoxon",0.0482137116807411
"lm",2802.19149933245,0.0122911625013993,37.3582540951121,2.52685041214285,94.3987197571714,"anova",0.00537781145230724,0.342296712085474,0.121616898034802,"tweedie",4061.71719238801,0.0133728662622292,0.0921532969820032,2.49610798372513,0.230024580323371,0,1.5,"quantile_regression",2840.29850756303,0.0441033630348144,119.249516850896,34.5657483785966,189.034324316011,58.8587004280961,"wilcoxon",0.00776612201099256
"lm",2789.14739887093,3.08378875681774e-05,36.1596417885687,4.2658318846159,154.250952877966,"anova",8.46861004067201e-05,0.495609863569012,0.123473056990105,"tweedie",4002.43744369826,4.04374173445177e-05,0.0909725666401091,4.19936093465826,0.382026642474069,0,1.5,"quantile_regression",2830.06569459373,0.00178416103332357,206.547097379135,120.027861485115,303.306443449639,65.2193063494014,"wilcoxon",2.92257755600697e-05
"lm",2796.3732309041,0.00012918969550215,36.8187861921274,3.90500846683509,143.777671818849,"anova",2.03600833078573e-05,0.481609644437339,0.110304256590316,"tweedie",3956.61569358987,0.000195619576617661,0.0945740833866379,3.79574024771376,0.358978654701299,0,1.5,"quantile_regression",2824.76519379306,4.41961527419821e-06,245.920875583329,167.258992729984,324.678024696548,52.0827863843335,"wilcoxon",5.92671893365208e-05
"lm",2795.46491140884,0.381137279097902,36.7352729956192,0.877760986402553,32.2447894604018,"anova",0.228124864434256,0.140766928325031,0.116437628605727,"tweedie",3966.85262527895,0.382117015822155,0.0879499916873171,0.875952997632323,0.0770400588602433,0,1.5,"quantile_regression",2840.93946421509,0.814875018363165,14.198879173922,-47.9001975744362,124.097366315054,60.5615424906367,"wilcoxon",0.340011080177997
"lm",2799.8088492464,4.73612813535478e-05,37.1363864240717,4.16023125776293,154.495955601786,"anova",0.000672987907899346,0.428394437699436,0.123990058587552,"tweedie",4026.81518485808,5.627651421062e-05,0.0890189826486202,4.11721412806813,0.366510213027151,0,1.5,"quantile_regression",2845.873192995,0.000680212335606445,228.788454578416,117.301333542865,335.25723546736,66.276768231591,"wilcoxon",0.000142876557617744
"lm",2802.48810929086,0.0493576487150951,37.3859664440246,1.97763108202024,73.9356492710689,"anova",0.040224666926908,0.277453889632278,0.134359449427881,"tweedie",4125.97097689084,0.0513908629148002,0.0916243899856544,1.96006823213194,0.179590056099349,0,1.5,"quantile_regression",2842.62885891613,0.0129597215122905,142.692472209472,42.0997325672595,265.738946816102,56.9044854812254,"wilcoxon",0.039070661066658
"lm",2809.18619205567,0.0599448863118517,38.0172731165974,1.89204117281489,71.9302460147507,"anova",0.0120454469571058,0.346159011553868,0.13659665023404,"tweedie",4332.65138843731,0.0625066002872965,0.0998108602734753,1.87325590836897,0.186971283726678,0,1.5,"quantile_regression",2843.13120647139,0.159959055448125,82.015684906531,16.7801039776305,159.765249781615,58.1462342237016,"wilcoxon",0.0293851084748882
"lm",2813.63544875084,0.0427059970587204,38.4425052080904,2.03972464277122,78.4121252028031,"anova",0.00370696130072565,0.417879442574058,0.142281744433139,"tweedie",4462.3133064031,0.0458758558463042,0.103744194361673,2.00918114532777,0.208440879248693,0,1.5,"quantile_regression",2857.32784854971,0.0328500058544965,139.172705707006,44.5915552776799,251.375275735739,64.7622979411547,"wilcoxon",0.013455211990976
"lm",2812.94992076071,0.390425155066482,38.3766780987828,0.860734875529647,33.0321452465972,"anova",0.17185498638967,0.160812563286153,0.11727604009115,"tweedie",3989.40553623904,0.392562791547985,0.0835513436267933,0.856851550795968,0.0715910983577047,0,1.5,"quantile_regression",2867.28389417642,0.108690424612912,108.773518651483,-5.20266034623688,202.932257001697,67.5034454665238,"wilcoxon",0.387731849293436
"lm",2794.49151440779,0.223523786818526,36.6459866670695,1.22103756529845,44.7461263379179,"anova",0.0793356986571941,0.233683268001841,0.132500894599595,"tweedie",4156.4135174006,0.226061917882036,0.0962078902457647,1.21434607960184,0.116829674346708,0,1.5,"quantile_regression",2833.59161963221,0.519472102751879,39.054549199785,-61.7330494032527,134.180981793577,60.5204163670244,"wilcoxon",0.135141041965143
"lm",2810.24257091549,0.228429900474155,38.1178074201275,1.20815171261837,46.0520943158841,"anova",0.169281271543247,0.19915532723884,0.144362532795578,"tweedie",4335.19915287127,0.230308798222801,0.095707350528814,1.20326944362056,0.115161730421204,0,1.5,"quantile_regression",2852.98382141806,0.513292570033848,38.667014569781,-23.4803277368967,166.529642981023,59.0426732948626,"wilcoxon",0.175462440648014
"lm",2778.15782153442,0.010005133175994,35.1797166802297,2.60070506833706,91.4920674729353,"anova",0.00291909164181219,0.343359212696995,0.113936490073417,"tweedie",3898.2080202797,0.0113507999124212,0.0892725743649507,2.55560546342059,0.228145478780689,0,1.5,"quantile_regression",2818.69807529085,0.0316740666203437,117.845984998085,48.2538625281163,248.63471229889,54.4615040300585,"wilcoxon",0.00544669879212216
"lm",2799.57349835044,0.000260058245950406,37.1145426463494,3.71934967589075,138.041962162533,"anova",2.06843022981875e-05,0.549803974291771,0.126032308535743,"tweedie",4209.79474074782,0.000422640902860639,0.10340183390312,3.58623009078849,0.370822768186083,0,1.5,"quantile_regression",2825.18395896259,1.31108172021221e-05,232.548406936176,121.809030521558,347.657753529456,52.0154292235544,"wilcoxon",3.81624681062369e-05
"lm",2789.1999561862,0.0935724779379471,36.1643932349496,1.68495624932202,60.9354203841673,"anova",0.0918258163453721,0.202255525904374,0.119390841284588,"tweedie",3989.99988884217,0.0949037983296386,0.0925884336361513,1.67810736079363,0.155373332009178,0,1.5,"quantile_regression",2822.57367794965,0.137354223801723,74.77144647407,-7.79680273536648,171.930491345218,50.1230529066486,"wilcoxon",0.0707800430546007
"lm",2774.17860809531,0.00222980903758645,34.8314826704124,3.09822643740526,107.915820463495,"anova",0.000242928401963331,0.417878464221639,0.111799815723573,"tweedie",3848.30460273086,0.00273861783830197,0.0900291510330352,3.03381486534235,0.273131776718174,0,1.5,"quantile_regression",2805.92498758626,0.000865534107143295,167.829931001302,109.436032179277,247.769168555475,49.6168265271161,"wilcoxon",0.00079781638170115
"lm",2795.7775355919,0.0953630271752139,36.7639950549443,1.67576288294143,61.6077383417178,"anova",0.173269721343873,0.180635006444467,0.132168884838547,"tweedie",4143.75005929116,0.0971368079495026,0.0934271141457924,1.66679194265688,0.155723561083892,0,1.5,"quantile_regression",2838.73269951648,0.019732022180754,145.500797357977,37.4194077609947,211.03311517542,61.9021425602153,"wilcoxon",0.0851841631436125
"lm",2793.94726071639,0.026074469153027,36.5961587897185,2.24194195627532,82.0464638291835,"anova",0.0528194505050282,0.222450287909502,0.114189764409243,"tweedie",3911.86767672728,0.0265187607323822,0.0851157087084917,2.23523779231411,0.19025384882482,0,1.5,"quantile_regression",2842.02101587646,0.294928690359004,72.05874927071,-6.75879861879564,137.962427735235,68.6175041141104,"wilcoxon",0.0297506448193188
"lm",2805.12574448785,0.00636237668874397,37.6333073941958,2.75788070608989,103.788172368803,"anova",0.00103725293787271,0.437720735872499,0.131463772415743,"tweedie",4187.97384851576,0.00776169366747633,0.0956028459273536,2.68971228634116,0.257144149299984,0,1.5,"quantile_regression",2841.73603607138,0.00180652578596963,187.757390807369,108.452791371667,257.471080724916,59.3576814479224,"wilcoxon",0.00307473681365633
"lm",2779.47365029353,0.00233305865746898,35.2956334413221,3.08412982229443,108.856315693154,"anova",0.000295227269033839,0.47454338211221,0.128779354655002,"tweedie",3981.9623276818,0.0027664384706401,0.089496006485674,3.0306204742568,0.271228429619703,0,1.5,"quantile_regression",2831.74927045189,0.0452812442062942,127.870918021827,28.3791450135148,229.856809806248,63.466728944293,"wilcoxon",0.00137609963741594
"lm",2811.5319389818,0.032684861624348,38.2408753725398,2.15103653734508,82.2575201463928,"anova",0.0382457410084261,0.260505900054774,0.124873792233415,"tweedie",4171.72102413655,0.0330728420404851,0.0957220542245715,2.14621270283523,0.205439888718258,0,1.5,"quantile_regression",2857.77947771523,0.0699928162707506,133.368098750079,39.0703065810207,216.555873424346,73.2064014481408,"wilcoxon",0.0303062777019529
"lm",2796.34869964087,0.0242330158337663,36.816528233026,2.27083592367381,83.6042948965067,"anova",0.0690945531467658,0.221451833514168,0.121161956462247,"tweedie",4049.82583804663,0.0247622219907243,0.095537319307058,2.26234136825945,0.216138029680969,0,1.5,"quantile_regression",2832.13440015017,0.238987220678503,79.731520005033,38.0532472776612,142.979227686127,67.5072312745548,"wilcoxon",0.0310609735599865
"lm",2786.60750535322,0.00279723303335205,35.93076511111,3.02711890696967,108.766698409727,"anova",0.00107459996121238,0.395338421251405,0.119107537879908,"tweedie",4000.04818564006,0.00308334751457632,0.0952987656778194,2.99618045258722,0.285532298879572,0,1.5,"quantile_regression",2822.30178914616,0.0438981491451917,119.600063274435,59.0125810603829,208.517789736704,58.973861841306,"wilcoxon",0.00232151491661876
"lm",2795.72722898853,0.0863094790298926,36.75937166639,1.7237744751257,63.3648666001818,"anova",0.00758642307761085,0.292584238569958,0.108460524877882,"tweedie",3851.75990900213,0.0899282921496829,0.0831808187425589,1.70411524275176,0.141749701123766,0,1.5,"quantile_regression",2847.51020087526,0.179599563896881,89.452101737417,25.3315594848746,186.849642221106,66.4206116181965,"wilcoxon",0.0571478554555165
"lm",2800.15093099508,0.035120420058936,37.1681592082667,2.12153459937878,78.8535357555568,"anova",0.00275249036930216,0.369952456766433,0.122007197681162,"tweedie",4061.83044808811,0.0378013305175841,0.0931320006666342,2.09102972137848,0.194741781405373,0,1.5,"quantile_regression",2837.37254018151,0.0294987871245125,126.527769059158,52.0617671208422,194.720359274052,57.7057215624195,"wilcoxon",0.0144029269983949
"lm",2817.6736802068,0.107942320285351,38.8325701954413,1.61481888391669,62.7075676626191,"anova",0.0442593570839891,0.249872070628164,0.123422586741783,"tweedie",4105.60990974512,0.109923815294033,0.090960450768108,1.6057441611634,0.14605921271768,0,1.5,"quantile_regression",2872.33376862636,0.162832993637433,101.076359905797,-10.3887928705356,237.991325845249,72.1551058982763,"wilcoxon",0.0878764998870538
"lm",2835.77119376445,0.00146754333364967,40.6298539930868,3.22626253062818,131.08257556279,"anova",0.000208226038016259,0.505302332610794,0.133710212118322,"tweedie",4415.73406103082,0.00193645744945949,0.0979782272330451,3.14184451660786,0.307832355979102,0,1.5,"quantile_regression",2885.93478421028,0.00046120317615439,272.817241686394,157.242780315138,352.308240852918,76.5933064438782,"wilcoxon",0.000790801024058623
"lm",2786.39229917436,3.77569692323051e-05,35.9114390037908,4.21625669445677,151.411845107309,"anova",0.000646888253529303,0.420681672839194,0.121360877821638,"tweedie",3963.22176854814,3.51497109948763e-05,0.0903907902092576,4.23382998674006,0.382699238113084,0,1.5,"quantile_regression",2831.80211746949,0.00620046571336053,188.597442580343,43.3081280607942,281.763617685092,68.168737990859,"wilcoxon",0.000118330586531769
"lm",2792.76014227947,0.00388054082647329,36.4877098594245,2.92213782319597,106.622117062025,"anova",0.00405626184766521,0.339213517987807,0.116659880734758,"tweedie",3966.5407951533,0.00415487967002947,0.0910845849197479,2.89986694808477,0.264133177288797,0,1.5,"quantile_regression",2827.08260395331,0.000456697847286414,175.408798786951,93.4263655649105,232.648906946448,49.2080479645212,"wilcoxon",0.00443659411282076
"lm",2805.02040879038,0.000759524278616822,37.6233983722636,3.42033947112118,128.684794490369,"anova",0.000158263265974593,0.467865627492114,0.121465354565949,"tweedie",4113.87939605881,0.000907853510616877,0.0954408397786295,3.36862193352171,0.321504106232022,0,1.5,"quantile_regression",2846.40924560272,0.0101038710034278,159.931433558267,78.7008908709712,247.858037637508,61.5780150227826,"wilcoxon",0.000386664247487725
"lm",2806.12460415859,0.0256924027623676,37.7274008105308,2.24778721679964,84.8031692649875,"anova",0.013377642326115,0.306535231241455,0.122811709509045,"tweedie",4022.29293358542,0.0267365295927546,0.0889499796208604,2.23198739522057,0.198535233318887,0,1.5,"quantile_regression",2858.68100095771,0.00843707362280921,179.342667495935,18.8474079414706,267.184993988108,67.4040448579918,"wilcoxon",0.0246594568426778
"lm",2773.60625933336,0.00733616191054069,34.7816789203445,2.70917835291944,94.2297716091917,"anova",0.00744733581850169,0.307019709184214,0.113542953014104,"tweedie",3850.93111232358,0.00768442566046861,0.0896665795225328,2.69317410201458,0.241487709786317,0,1.5,"quantile_regression",2810.04076384311,0.0351510644891686,109.034256483721,43.7818438492665,219.767294985737,51.4027688550118,"wilcoxon",0.00613904801873396
"lm",2824.30232128359,0.0032225260645397,39.4814497579473,2.982073898321,117.736600791047,"anova",0.00556575272361162,0.368350705565791,0.131411098703413,"tweedie",4270.67242122528,0.00361306385809325,0.0929167524268189,2.94528508051018,0.273666324652168,0,1.5,"quantile_regression",2875.57411867623,0.00338937457488675,207.731648711182,55.3503983456143,341.30243027549,70.0404266813672,"wilcoxon",0.00380133054476561
"lm",2790.80236570614,0.00216600187955731,36.3095592300338,3.10724240545249,112.82260216285,"anova",0.00025323850629453,0.43477200038562,0.116669413516326,"tweedie",3956.55620681606,0.00253724702559608,0.0893438722070373,3.05786992137004,0.273201939480628,0,1.5,"quantile_regression",2838.70156519888,0.0437777095938865,128.273716068405,27.0756647241337,246.431943060611,63.2142939511402,"wilcoxon",0.00133016329787617
"lm",2811.37872611487,0.0360451656297891,38.2262306920358,2.11079311593967,80.6876645930708,"anova",0.0131103113010686,0.309997035850081,0.123832364738822,"tweedie",4156.80445777138,0.0380167906609187,0.0908444421909841,2.08865952582037,0.189743109550037,0,1.5,"quantile_regression",2870.21834337214,0.0500027374250673,146.903574694375,9.25492439252938,267.922697888925,74.4949518619242,"wilcoxon",0.0252914040110398
"lm",2805.27572803997,0.0989437727041571,37.6474209828403,1.65778785920245,62.4114374356362,"anova",0.00808559539539272,0.366409094529447,0.136948176593933,"tweedie",4230.95001856226,0.104242962060181,0.0937932160665612,1.63212291862737,0.153082057554003,0,1.5,"quantile_regression",2847.24959601047,0.00668460749416222,176.008708238492,71.5661991890031,266.886087855973,64.2119295511558,"wilcoxon",0.0516356133532152
"lm",2788.93610362634,0.0599897610361358,36.140545931703,1.89170638503306,68.3673014975831,"anova",0.0156819530958804,0.336760177736821,0.138171117985206,"tweedie",4204.30440980334,0.0615594936103265,0.0962686826926416,1.88012496015522,0.180997153211699,0,1.5,"quantile_regression",2824.95915143471,0.425689838676594,40.812904975175,-19.3003789487632,144.080043402157,51.1288630783271,"wilcoxon",0.0513428969257157
"lm",2779.16347554027,0.00255598530413493,35.2682745142686,3.05555866254493,107.764281705086,"anova",0.00107160501889463,0.393966481012295,0.118664774740165,"tweedie",3881.90383770175,0.00291933648086189,0.0914199894195303,3.01357517767998,0.275501010858463,0,1.5,"quantile_regression",2812.3517437879,0.0720379736756769,108.913951025506,55.7998648617373,205.91460579297,60.2216759607363,"wilcoxon",0.00184507484164641
"lm",2818.6141098674,0.112720356760125,38.9239758561024,1.59315579270452,62.0119576102404,"anova",0.111564375343943,0.209625012331874,0.13115261468198,"tweedie",4241.6227762945,0.114162818642773,0.0897056283545287,1.58675944148035,0.142341252745476,0,1.5,"quantile_regression",2877.75666358066,0.276720161553498,90.184009172808,-26.2480745065975,215.90264661659,82.6827483841809,"wilcoxon",0.110320411167989
"lm",2803.09920029403,0.000217607235486879,37.4431256641102,3.76730009970832,141.059491047793,"anova",0.000126154524111758,0.486812562239591,0.124466303933628,"tweedie",4132.99196630453,0.000312640492621932,0.0946008203639853,3.66930346357166,0.347119117818292,0,1.5,"quantile_regression",2840.49177498482,0.000458411474287157,231.34866722039,164.136373787451,324.824880446984,64.9201072749101,"wilcoxon",0.00018792421586294
"lm",2807.29425029629,0.174901990249918,37.8378815326047,1.36150318761448,51.5163963192205,"anova",0.162248365686755,0.200690088127488,0.14306592266359,"tweedie",4273.80564654597,0.174911435435443,0.0932139728318143,1.36147323154885,0.126908328816837,0,1.5,"quantile_regression",2859.29891614977,0.848797861117117,12.727154491819,-71.0410964496331,174.268197146206,66.6684724826345,"wilcoxon",0.192387750087168
"lm",2806.34788349186,0.0317196631793397,37.7484660615244,2.16325496499338,81.659556628477,"anova",0.000394178582850637,0.486779464576875,0.135007573623733,"tweedie",4315.1422695334,0.0347473065653481,0.100642602137452,2.12593751254965,0.213959883244619,0,1.5,"quantile_regression",2849.24000029317,0.105776457376417,107.232021353349,21.2053879901454,244.417589836785,65.9933522865696,"wilcoxon",0.00706348580979464
"lm",2783.57587406448,0.109796429959791,35.6594724047248,1.60632361523484,57.2806526305245,"anova",0.0777294431173938,0.228811119638929,0.129037019156848,"tweedie",4135.42250064546,0.11025300262483,0.0956804176543102,1.60424921645416,0.153495235051934,0,1.5,"quantile_regression",2833.39623453063,0.855700703979351,10.749166608175,-60.5102383865145,208.209552782685,59.0331228182679,"wilcoxon",0.0934669331870175
"lm",2772.09514569084,0.00399476187250295,34.6505291303017,2.91269566875435,100.926446117876,"anova",0.00143791473417133,0.396091523124066,0.122537695739251,"tweedie",3919.53574656173,0.00442279196138381,0.0907115813131603,2.87937935280635,0.261193054293528,0,1.5,"quantile_regression",2812.37081701816,0.148418747301092,93.539980838354,39.0432567307002,145.335133802325,64.4748865883538,"wilcoxon",0.00257895637093163
"lm",2822.18708196706,0.158231902634383,39.2732190284715,1.41639256851666,55.6262955736542,"anova",0.0823697308137876,0.232791264317396,0.1333317434375,"tweedie",4259.53728715363,0.159810329684293,0.0942731670057687,1.4110121252197,0.133020581728001,0,1.5,"quantile_regression",2871.96950992613,0.330060315318687,74.120807513289,-34.6981001697264,173.481306876267,75.9127498662676,"wilcoxon",0.125220050482934
"lm",2787.12009883029,0.0486384177302443,35.9768393160313,1.9839903191086,71.3777009151316,"anova",0.0157285597049001,0.301885918529641,0.123918617948476,"tweedie",4022.14907721107,0.0492389703756279,0.0925689746526746,1.97867498084887,0.183163914148081,0,1.5,"quantile_regression",2821.25883273651,0.547890182401073,30.747117299957,-43.3293674891346,106.176975070198,51.078435014302,"wilcoxon",0.0522252368329955
"lm",2796.91990578357,0.000375538586683016,36.8691403572449,3.61896411487555,133.428095899179,"anova",0.000126813888804101,0.477512759066383,0.122130938080522,"tweedie",4054.52600418189,0.000521730605186219,0.0897315191308442,3.52730733468725,0.316510645582856,0,1.5,"quantile_regression",2841.97640408076,2.44372674376159e-05,278.25559448868,144.431304236456,350.278731273146,64.3770240708244,"wilcoxon",0.000578470145164077
"lm",2783.06190917967,0.0054335738277169,35.6136825374373,2.81109686523375,100.11351134042,"anova",0.00469549907115117,0.322933317659257,0.112927267188307,"tweedie",3868.6926996023,0.00574026019749824,0.0857299122621164,2.79266782295017,0.239415167438753,0,1.5,"quantile_regression",2829.2765155131,0.122531892370478,96.993840920791,44.7807261342285,210.296876700303,62.5419294359037,"wilcoxon",0.00557088105186335
"lm",2811.04026285874,0.410047272434975,38.1938989365803,0.825560069844761,31.531357873727,"anova",0.121338536269567,0.202613343949774,0.130226024598033,"tweedie",4211.42874663717,0.412231758996752,0.094747184260355,0.821707456594493,0.0778544677980661,0,1.5,"quantile_regression",2851.08945070195,0.475187006886895,43.219166561242,-25.8792169655166,112.23511951906,60.4101708556011,"wilcoxon",0.282881212653833
"lm",2803.84487668919,0.0213413961771686,37.5129919033062,2.32033670888975,87.0427721735251,"anova",0.0456318995782372,0.238559553772491,0.118599784306208,"tweedie",4059.51541690106,0.0214510732408269,0.091253461391957,2.318354850599,0.211557904851992,0,1.5,"quantile_regression",2858.57307145055,0.0824131241280144,129.515105689802,26.7551565075918,248.883899730213,74.1906606317667,"wilcoxon",0.0297506448193188
"lm",2806.89111035402,0.00646230536484459,37.7997658398376,2.7525830918802,104.046996327768,"anova",0.0063797841485069,0.354108544867948,0.128442020356788,"tweedie",4176.58254324454,0.0069461170759285,0.0953546179315718,2.72793935632808,0.260121615063162,0,1.5,"quantile_regression",2855.72712965501,0.00601603483910118,187.074290831933,40.9739665968352,299.236906522858,67.3693676014045,"wilcoxon",0.00613904801873396
"lm",2799.37082580029,0.0635425205962401,37.0957421621649,1.86584132968671,69.214768881569,"anova",0.0273705335562348,0.258899530268442,0.116482169715992,"tweedie",3979.38013894301,0.065537836085761,0.089478131789867,1.85183893254426,0.165699088059801,0,1.5,"quantile_regression",2847.42592666913,0.195455190607221,85.720750219925,17.8757706843791,208.916719562943,65.9898903207886,"wilcoxon",0.0493325397727659
"lm",2804.10547930727,0.00440558048690579,37.5374398261872,2.88066098745354,108.132638476182,"anova",0.000833439726505242,0.412639353997081,0.121597307681482,"tweedie",3985.24993831556,0.00510719401989841,0.0849088153702768,2.83177916916515,0.24044301464404,0,1.5,"quantile_regression",2856.6892977669,0.0512268728460152,141.863794802334,91.8754520980836,285.232275037884,72.3255081174146,"wilcoxon",0.00362755679691353
"lm",2797.84106223183,3.00208826674373e-05,36.9541438124845,4.27237556471921,157.881981039578,"anova",1.31653098094181e-05,0.577804939092476,0.129269175871395,"tweedie",4089.01715581714,4.69374433102621e-05,0.0893788104677989,4.1624641935659,0.372036098235726,0,1.5,"quantile_regression",2838.72007316173,3.83757805229035e-05,228.128411934238,132.270955319001,307.507150212466,54.1582425422948,"wilcoxon",2.79951628372396e-05
"lm",2817.6830894717,0.0510832067498916,38.8334836710344,1.9626876610635,76.2179992372502,"anova",0.0148146921028422,0.321384037682163,0.130728687932306,"tweedie",4318.05680147539,0.0529982373028921,0.0990704524949595,1.94659397266233,0.192849945695618,0,1.5,"quantile_regression",2864.36112060894,0.158704980915399,101.663775411487,11.4928821823778,200.913746359461,71.85858233319,"wilcoxon",0.025612600334684
"lm",2808.61870677329,0.0196264793261666,37.9633757506651,2.35254956647263,89.3107231640648,"anova",0.00418602759880685,0.376502003115437,0.129943702714144,"tweedie",4201.05716024496,0.0216962140097912,0.0931585121555002,2.3139571124143,0.215564801784153,0,1.5,"quantile_regression",2855.58733735852,0.0234894253312383,154.127502331322,55.5325422447586,259.798483631996,67.5094816191688,"wilcoxon",0.0115618505080458
"lm",2797.17395456375,0.0161012034509521,36.8925641952896,2.42742079298124,89.553777434041,"anova",0.00121998306201629,0.429805100187815,0.130974812313737,"tweedie",4196.21440328681,0.017500511047091,0.0956947675055385,2.39611715528336,0.229295874090874,0,1.5,"quantile_regression",2840.44687928145,0.035335508805181,128.048657955857,32.5178643291122,210.210560524951,60.4283952580608,"wilcoxon",0.00799457974205734
"lm",2814.74101165376,0.0938211887276254,38.5489036972684,1.68367082001321,64.9036642985901,"anova",0.00854395345487582,0.328730757639606,0.123754460080536,"tweedie",4144.41990426715,0.0974680349084307,0.0937033467147053,1.66513140675856,0.156028385533043,0,1.5,"quantile_regression",2861.28406376701,0.272297128262543,73.685240821846,28.8666585736027,221.96400052028,66.9346755073251,"wilcoxon",0.0312521486295327
"lm",2836.2517888686,0.47655457927464,40.67869960319,0.713211595076124,29.0125202296137,"anova",0.336823162225192,0.124092315253754,0.128887148630229,"tweedie",4297.51964433522,0.477022377910381,0.0910867980426282,0.712454027080596,0.0648951560793474,0,1.5,"quantile_regression",2893.22592657186,0.653722412100931,34.66843794249,-83.9195004078824,143.847503776035,77.1647559186782,"wilcoxon",0.420763915565436
"lm",2793.58039002971,0.0640586368235656,36.5626090328356,1.86218473380596,68.0863323690626,"anova",0.00899103318691406,0.298374756988685,0.113087333036109,"tweedie",3957.70633345077,0.0661420567708499,0.0919725802029334,1.84766864998923,0.16993485309958,0,1.5,"quantile_regression",2840.33823889424,0.332135315029383,61.125336694084,8.529974867689,219.662894363242,62.8729617835504,"wilcoxon",0.0288440508316432
"lm",2800.26732229113,0.115005922709042,37.178975907458,1.58305047481534,58.8561954634496,"anova",0.179219734921318,0.180748609225649,0.134093066504544,"tweedie",4086.54539346148,0.117256256092404,0.0908134789111602,1.57325527129327,0.142872784401463,0,1.5,"quantile_regression",2841.03245926367,0.0837895876780315,98.895486849219,17.5658789697743,187.193847931648,56.9063537480905,"wilcoxon",0.0949082242608219
"lm",2796.21297651503,0.0130593693009177,36.8040382163907,2.50478249207496,92.1861105620731,"anova",0.0541923073913407,0.233871126731529,0.120750969361132,"tweedie",4008.62548479958,0.013006968924787,0.0878039449934551,2.50625048206399,0.220058679466967,0,1.5,"quantile_regression",2841.45542468037,0.345991515972883,62.767955168111,4.89663208733382,170.153344066322,66.4460884644214,"wilcoxon",0.0183197148555866
"lm",2803.75388398108,0.128191889658681,37.5044593520356,1.52766393627067,57.2942100014342,"anova",0.00898171405286205,0.327275548243761,0.12402393161839,"tweedie",4135.82859411075,0.132882863686389,0.092789757488765,1.50903902450653,0.140023365125044,0,1.5,"quantile_regression",2851.84564422546,0.0650356814696877,129.368831089977,36.0913003464135,232.623916326991,69.7282377885163,"wilcoxon",0.0656078541747044
"lm",2789.49939734991,0.0504256830134742,36.1914761408444,1.96833084429495,71.236798788589,"anova",0.00766584047978159,0.323068820731411,0.119921101287458,"tweedie",4044.75362072753,0.052777440575856,0.094949927843184,1.94842428996115,0.185002745739718,0,1.5,"quantile_regression",2832.17074722322,0.0629602959963274,113.434607283341,32.2290231020386,222.057276361498,60.6603446514475,"wilcoxon",0.0248161474620198
"lm",2797.79163994454,0.228918218128274,36.9495781987643,1.20688007010818,44.5937095269924,"anova",0.0809831655986542,0.220056967540876,0.125462369058423,"tweedie",4090.40903087174,0.230964459935242,0.0906312218654394,1.20157244212889,0.108899978589981,0,1.5,"quantile_regression",2848.28195934307,0.183700849579497,86.163532230795,7.29630997277159,189.55288615871,64.5851226050477,"wilcoxon",0.176242354083255
"lm",2836.34795168029,0.0364344191827981,40.6884802241322,2.10634238812076,85.703870604303,"anova",0.0170912442175302,0.319804598094681,0.132972855467491,"tweedie",4382.6097699328,0.0382975486356921,0.0949931656174997,2.08558822509355,0.198116627676219,0,1.5,"quantile_regression",2887.77782059034,0.0350095951927103,174.479348452612,83.5360943324122,253.826314560295,82.1915448841294,"wilcoxon",0.0361526867458434
"lm",2805.14846603735,0.206492980134932,37.6354451725543,1.26742207417336,47.6999939830365,"anova",0.0233500372159962,0.273017569241497,0.119462827670372,"tweedie",4043.93278820657,0.209455604982184,0.0914056440363294,1.25915819450235,0.115094165712109,0,1.5,"quantile_regression",2845.19828926245,0.50043893767436,44.417491245996,-37.8242021904303,135.360565653969,65.7999573569947,"wilcoxon",0.121649538793525
"lm",2818.51061219802,0.660336761607269,38.9139058069818,-0.44011100546258,-17.1264382111869,"anova",0.778547001184061,-0.0393316229734898,0.139673688195,"tweedie",4325.01404229667,0.6603065321153,0.0950328623021297,-0.440152816970843,-0.0418289820470846,0,1.5,"quantile_regression",2868.98883724978,0.48476940300875,-50.529273895973,-170.80784075815,53.5910248728035,72.1880632135025,"wilcoxon",0.749830971529579
"lm",2798.2876187241,0.0275994934193157,36.995422131664,2.21932921468202,82.1050211462955,"anova",0.00459518293545516,0.348907351657427,0.12170672648835,"tweedie",4147.57710961969,0.0294305066315473,0.0999539924906517,2.19357155113349,0.219256234349704,0,1.5,"quantile_regression",2837.03141038256,0.085763755581616,102.125313573512,32.3964692249102,245.528564723525,59.1414695510049,"wilcoxon",0.00997907378267825
"lm",2803.27449874662,0.147253129967023,37.4595385652655,1.45499878135947,54.5035829627495,"anova",0.163695793600207,0.170300552650421,0.121822685506176,"tweedie",4064.34372510799,0.148036740398529,0.0898341565871335,1.45217133100028,0.130454586740425,0,1.5,"quantile_regression",2852.38481276157,0.751920602371179,20.80715661852,-27.772516564492,166.079637941689,65.7315859666925,"wilcoxon",0.169315597226028
"lm",2798.08724206387,0.232195882837304,36.9768942249246,1.19839453769868,44.3129080602114,"anova",0.238560474993131,0.156432249722788,0.132327622570692,"tweedie",4116.26379009539,0.233546615023684,0.0920007522646913,1.19492256545267,0.109933774919701,0,1.5,"quantile_regression",2842.67954176206,0.613556984165167,33.1267975568,-20.4538333245825,152.829909746395,65.4933649744685,"wilcoxon",0.199141654445417
"lm",2819.00704141822,0.000492928327752158,38.9622307879815,3.54326711630264,138.053591128849,"anova",6.02866724205865e-05,0.541177210290573,0.131995996972432,"tweedie",4351.96849785786,0.00068983144593308,0.101835665284742,3.44799503887499,0.351128868682325,0,1.5,"quantile_regression",2858.55651087327,0.000641401858834989,230.506406642557,149.890533823948,358.902114651877,66.4513567130878,"wilcoxon",0.000311888238744649
"lm",2778.08112523327,0.000223426667332654,35.172971941509,3.76022851198703,132.258411945782,"anova",0.000457299457942571,0.432962474243496,0.1214730163767,"tweedie",3991.9675623076,0.000254234521794186,0.0958013350983478,3.72546950525588,0.356904952471694,0,1.5,"quantile_regression",2815.07891678852,0.00218574138521754,181.048161144919,92.9767292564955,279.560950612585,58.3193433453753,"wilcoxon",0.000263056912241099
"lm",2821.78484441128,0.0142743731172373,39.2337459696574,2.47213520356041,96.9911245791363,"anova",0.00549721629315724,0.346820553474434,0.123546962750472,"tweedie",4160.95215723741,0.0157244743923823,0.0915090583539511,2.43625958050869,0.222939820118142,0,1.5,"quantile_regression",2873.74253901182,0.0379204775286714,150.621662551268,92.892720538527,277.270704242443,72.0775200904963,"wilcoxon",0.00716772680938414
"lm",2814.04696009167,0.104725498907787,38.482074375709,1.62983824797816,62.7195566790705,"anova",0.0327787017437456,0.29787565166416,0.138555495750384,"tweedie",4219.4907531061,0.107686443917249,0.0920219832614145,1.61600039064161,0.148707560898062,0,1.5,"quantile_regression",2863.27952098975,0.058904670972499,140.417913045514,52.7992451563875,226.681204677148,73.9095706294479,"wilcoxon",0.0754752581571345
"lm",2799.65508948889,0.000920033665287791,37.1221139629824,3.36473383952063,124.906033045788,"anova",0.000176297589088861,0.482335457371132,0.126155127296893,"tweedie",4144.90545910534,0.00119663995440546,0.0956228775273985,3.28732981270144,0.314343936072115,0,1.5,"quantile_regression",2838.44859965678,0.00156485995362088,189.006364091867,94.7856960054748,292.717525610785,58.9380376584633,"wilcoxon",0.00055289022335078
"lm",2792.68917587123,0.0193332181992981,36.4812369293588,2.35830438928676,86.033861177117,"anova",0.0205866095921662,0.261206863768304,0.111903112163084,"tweedie",3892.45877464415,0.0198816516742475,0.0878474063916068,2.34760342500177,0.206230872122459,0,1.5,"quantile_regression",2839.57868284773,0.197222585948504,82.343045876692,2.6254996954429,187.097884520683,63.6416137056429,"wilcoxon",0.0208757453225896
"lm",2792.76095356585,0.00101310468418374,36.487783864455,3.3365173770278,121.742124912989,"anova",0.00102420659038947,0.407079959031926,0.12212467249452,"tweedie",4035.12009600061,0.00122779783174139,0.0887358552165545,3.27968582822984,0.291025726809588,0,1.5,"quantile_regression",2841.76160971142,0.0168272591567753,162.562241607939,64.4272112845109,259.507563840273,67.4282921415652,"wilcoxon",0.000819210507874369
"lm",2816.76294512736,0.00895954468353303,38.7442553131649,2.63967748368093,102.272338372146,"anova",0.0111292804933266,0.352726390436076,0.137639201721633,"tweedie",4312.03617284002,0.0096762967102826,0.0966731993294448,2.61255073471882,0.25256363793576,0,1.5,"quantile_regression",2860.72356095706,0.00363206221828127,195.320882271788,96.2148734727802,257.637940277361,66.3546486775416,"wilcoxon",0.00909884792860305
"lm",2791.38502783853,0.00160528708705631,36.3624882833862,3.19913511479268,116.328513128618,"anova",0.000657362460160829,0.40574857840177,0.117207912095531,"tweedie",3987.72637015421,0.00194858372246483,0.0910346856988875,3.13992396092273,0.285841990901007,0,1.5,"quantile_regression",2825.06356730022,8.21041769312192e-05,192.066094021629,128.621928517952,288.764481981255,47.7561646587073,"wilcoxon",0.00125316410336142
"lm",2802.48963047932,0.0197235911187383,37.3861086220462,2.35066056438699,87.8820511937326,"anova",0.0302566345477547,0.270280414934469,0.12384535151531,"tweedie",4088.22353258255,0.0203166022347823,0.0924353819404828,2.33929981568092,0.216234071935767,0,1.5,"quantile_regression",2845.96740426326,0.0081918931420506,174.049272671226,93.6779247280898,246.051748048597,65.162865482302,"wilcoxon",0.019181318874844
"lm",2817.01071178846,0.0238257525919391,38.7682615842788,2.27748414976,88.2941012719444,"anova",0.0154241383548518,0.331784311387485,0.13578565625651,"tweedie",4330.58953304571,0.025641590476299,0.0952173017640245,2.24857029507448,0.214102796323729,0,1.5,"quantile_regression",2872.95715274884,0.0321362053549099,169.434542694983,44.9693250243142,275.093364334778,78.5166858639227,"wilcoxon",0.0169213308800823
"lm",2828.66057008498,0.0318086724898117,39.913976757073,2.16211485794271,86.2986021860473,"anova",0.0121123286621146,0.2975005361416,0.117488656495852,"tweedie",4120.78452590124,0.0332720412351798,0.0911527719249862,2.14375495536148,0.195409206509124,0,1.5,"quantile_regression",2879.38981641816,0.0618049613836689,126.966267784123,46.455366742733,274.207242099254,67.5950686792466,"wilcoxon",0.0245036240276144
"lm",2793.71960624801,0.0078024463416258,36.5753365179497,2.68789897061421,98.3108093764652,"anova",0.00144581567583788,0.428541134814769,0.132644228783428,"tweedie",4151.99648604756,0.00841938493632519,0.0998802868076849,2.6614431925739,0.265825709396641,0,1.5,"quantile_regression",2815.86131154275,0.0126471129116801,119.112223160299,64.3051104543291,175.665280686045,47.3329340158637,"wilcoxon",0.00365600791800298
"lm",2782.02203980185,0.20731440422317,35.521218832476,1.26512217658981,44.938681684465,"anova",0.142701742378503,0.171493856424328,0.116531314159152,"tweedie",3911.02014991669,0.208529658029236,0.0906031234138723,1.26173178552079,0.114316840678745,0,1.5,"quantile_regression",2824.1830224809,0.510856136490884,40.305019020062,-10.7253933274285,149.344269837036,61.1890901563572,"wilcoxon",0.18418409960061
"lm",2780.21086877437,7.66451675598049e-05,35.3607449077761,4.03931225212424,142.83309015022,"anova",7.61710040780074e-06,0.530985167582012,0.115498236154621,"tweedie",3895.56100695969,0.000125503086160007,0.0868464964471359,3.91254686421248,0.339790987342082,0,1.5,"quantile_regression",2823.54748990371,0.000349431326284622,228.613823446753,116.382844779846,287.810349331325,62.8264533340054,"wilcoxon",5.51130513615065e-05
"lm",2809.23051379566,0.00194689848808078,38.0214858292227,3.14019020524847,119.394697389919,"anova",0.00226544433476933,0.417855937394188,0.13508444222704,"tweedie",4222.32226293142,0.00219689197446958,0.0970265114844074,3.10284743272052,0.301058462065222,0,1.5,"quantile_regression",2856.49030965779,0.0107337346494252,162.888098962659,53.6811073711584,303.167923225527,63.2414099953615,"wilcoxon",0.00141150722341407
"lm",2799.6951695199,0.00132048030293892,37.1258337880391,3.25797028706467,120.954863363933,"anova",0.0013597337683405,0.435621847300759,0.134070582876267,"tweedie",4186.25981841627,0.00160069907212569,0.092773785487948,3.20000329103906,0.296876418883586,0,1.5,"quantile_regression",2838.91805379187,0.00348618949454327,190.299222984006,119.002039930643,285.016864662421,64.35944304302,"wilcoxon",0.00114043970114629
"lm",2791.13438888033,0.0148251829324723,36.3397107798415,2.4581426702455,89.3281936923088,"anova",0.0186941398550491,0.317397249997332,0.133859825952919,"tweedie",4111.86200735222,0.0156052549738067,0.0903528272959131,2.43909580087923,0.220379201655028,0,1.5,"quantile_regression",2833.77245232103,0.0583833450657516,115.076390444526,41.1937463968371,200.657382173448,60.4448790694897,"wilcoxon",0.0130918320315305
"lm",2777.62210768867,0.00293571058328209,35.1326325634959,3.01179874082716,105.81241851668,"anova",0.000640414289982649,0.415207659371329,0.119682651764779,"tweedie",3884.09036112805,0.00343079136656976,0.0878569417582082,2.96197627603953,0.260230177173199,0,1.5,"quantile_regression",2809.85020982131,0.010522834402269,138.539283596928,85.2094400140585,191.805187791526,53.6403119795677,"wilcoxon",0.00151007446699602
"lm",2782.19897581471,0.0636001727130954,35.5369347651931,1.86543165046753,66.291722871591,"anova",0.0600828774379021,0.219410221682855,0.116027915327142,"tweedie",3887.2070911784,0.0653104758310599,0.0863352381842119,1.85341642663424,0.160015148647998,0,1.5,"quantile_regression",2820.3489320757,0.0890539266133583,92.221454805517,40.1345746887761,169.893696017057,53.9683730090669,"wilcoxon",0.0513428969257157
"lm",2786.03320344644,0.00127093986118409,35.879214359796,3.2693945099964,117.303306450901,"anova",0.000854803498996468,0.390969894469587,0.115461636602824,"tweedie",3887.5512042579,0.00140114695041229,0.0880936461631068,3.24019427536917,0.285440527994096,0,1.5,"quantile_regression",2827.1289832323,0.00684167322086937,158.303592785872,83.5070017859178,265.98633515372,57.920367890925,"wilcoxon",0.00136448035932726
"lm",2827.46981236541,0.0200264700601527,39.7953337486821,2.34482112044304,93.3129390689895,"anova",0.0112245094358558,0.328626813720139,0.128388494626782,"tweedie",4228.92204414852,0.0217168276318473,0.0924697894892055,2.31358930086398,0.21393711561537,0,1.5,"quantile_regression",2871.7284620691,0.00338961765963175,200.837973595985,127.623344421562,297.137166415779,67.7166275997103,"wilcoxon",0.0180798496797945
"lm",2809.9791950034,0.207053376574586,38.0927174004274,1.26585230193786,48.2197540083992,"anova",0.0369776191876975,0.263038063609123,0.125244341274328,"tweedie",4119.90893686895,0.210128421860996,0.0892194535791628,1.25729336056595,0.112175026618403,0,1.5,"quantile_regression",2859.8453199842,0.213081513324286,87.131460149654,22.0741375627047,218.036437381828,69.7520738493743,"wilcoxon",0.175462440648014
"lm",2821.10839504096,0.105072271268156,39.1674529334189,1.62820157778698,63.7725086640901,"anova",0.0176897091024317,0.320466827030161,0.133971294092149,"tweedie",4248.97285223731,0.107308545892843,0.0917410068911165,1.61774943482127,0.148413962048038,0,1.5,"quantile_regression",2884.04906087584,0.415128256165034,67.795958068572,-57.6651569033357,233.296071037356,83.0204183704441,"wilcoxon",0.0727064305236224
"lm",2812.23051193738,0.00290282076140312,38.3077188276703,3.01537628463345,115.512186871363,"anova",0.00366821583092,0.362654497930145,0.123335647993081,"tweedie",4093.86117729524,0.00332439488175755,0.0866862934434596,2.97209920260337,0.257640263619948,0,1.5,"quantile_regression",2863.19773652281,0.0192427099641825,165.916885024858,90.2723585932077,299.788160113955,70.3009050576576,"wilcoxon",0.00288518801020814
"lm",2809.98164311431,0.148809304104675,38.0929505391338,1.44939499646401,55.2117319119714,"anova",0.106477688236885,0.219045763066718,0.135078997762222,"tweedie",4305.48865595471,0.151253668080751,0.0991495471867903,1.44068315786859,0.142843082742306,0,1.5,"quantile_regression",2854.79922033199,0.177764819352981,91.436854053385,0.418092669017808,194.772456203287,67.6068742321546,"wilcoxon",0.101360743844142
"lm",2778.55184205289,0.000171208734646185,35.214387579248,3.83110124983217,134.909884266931,"anova",7.22726028234283e-05,0.480997755174374,0.118641479221343,"tweedie",3907.96103084767,0.000250540184257826,0.0916351868500933,3.72942071986011,0.34174616450699,0,1.5,"quantile_regression",2804.54616647832,8.32169285833739e-05,205.855434111142,130.529631752411,276.558350850393,51.2285195735343,"wilcoxon",9.39308151861466e-05
"lm",2811.19191791805,0.0729773753291798,38.2083824270467,1.80256449119914,68.8730734291515,"anova",0.0261658052237893,0.276550923561127,0.12342961568853,"tweedie",4166.55848830619,0.0753097862589308,0.0968873696748257,1.78797168124366,0.173231873248774,0,1.5,"quantile_regression",2847.97356275352,0.0906059679204512,98.038247215988,34.5261329163915,190.955735183681,57.6524170634185,"wilcoxon",0.0507616302971017
"lm",2805.97517029602,0.891640351181147,37.7133090648546,0.136404189262939,5.14425334741415,"anova",0.293050643065276,0.127000965922211,0.120465051789123,"tweedie",4075.1834026803,0.891710647156858,0.0930909867165101,0.136315146919836,0.0126897115311735,0,1.5,"quantile_regression",2845.21326098428,0.653166819297892,27.93733822448,-69.9096043347581,95.7796113241693,62.0760932145544,"wilcoxon",0.729538475414741
"lm",2807.99102770266,0.132763078041476,37.9038504253581,1.50950817748623,57.216172175293,"anova",0.068693887404243,0.233202074782991,0.127405163414111,"tweedie",4218.84302073925,0.134667376584907,0.0961277434245135,1.50208854065605,0.144392381837087,0,1.5,"quantile_regression",2863.52282109198,0.342634841787309,70.503926359775,-49.7133436670382,218.657277643776,74.1167728605454,"wilcoxon",0.0808454746040643
"lm",2795.71339945749,0.0635450768406696,36.7581007761813,1.86582315831446,68.5841156838557,"anova",0.194346725131286,0.148822203450223,0.114281595101698,"tweedie",3951.8318805196,0.0630122643658354,0.089739055545212,1.86962394523296,0.167778287069919,0,1.5,"quantile_regression",2839.1642560822,0.0620056927432766,115.663583579071,4.78924953203332,176.936838168677,61.6255227972684,"wilcoxon",0.0988388345899766
"lm",2800.62503493168,0.0279118573968281,37.2122392527511,2.21483209249968,82.4188617307695,"anova",0.0171928753296592,0.276112342965117,0.114912539778566,"tweedie",3988.93587300258,0.0287878233698197,0.0932251781938101,2.20244991779459,0.205323786049343,0,1.5,"quantile_regression",2833.29436221422,0.182547213447783,79.708122392939,32.5786288555008,176.894192786321,59.5884797612208,"wilcoxon",0.0214227028347545
"lm",2810.7065224223,0.211860648780186,38.1620451058167,1.25251213003716,47.7984244020606,"anova",0.0621207170655838,0.214579398178109,0.114378656861426,"tweedie",4041.543132171,0.214153090075153,0.0911185575339093,1.24622817719346,0.113554513863981,0,1.5,"quantile_regression",2860.62345455444,0.311382436424379,70.261517768716,-18.6329192128994,187.860307994354,69.2286103167733,"wilcoxon",0.154656733289545
"lm",2813.41788568574,0.154014575464459,38.4216017202308,1.43097215653303,54.9802422710517,"anova",0.268058270347227,0.141112622346202,0.127052039442801,"tweedie",4073.83647987665,0.155063210009395,0.0867638733813496,1.4273187112134,0.123839699934551,0,1.5,"quantile_regression",2869.12173857877,0.212776497029287,90.276849185258,-6.28214907205773,246.001273202354,72.2217256842134,"wilcoxon",0.194900457149291
"lm",2798.14997213246,0.203439622224418,36.982693587433,1.27603031976484,47.1910383241371,"anova",0.0834388100805219,0.222275529451029,0.127755403536931,"tweedie",4068.78754604218,0.205430125678427,0.0904708715965597,1.27040790581946,0.114934910522647,0,1.5,"quantile_regression",2845.81360832722,0.822043164449472,14.7149216673,-63.5911245083293,150.284564459306,65.3367965618033,"wilcoxon",0.154656733289545
"lm",2789.5734902703,0.193951848437616,36.198180592167,1.30339979522789,47.1807011714528,"anova",0.0401566428795776,0.25398128435638,0.12295025671889,"tweedie",4024.6251563947,0.196357159080367,0.0889790576801689,1.29636937940559,0.115349725784935,0,1.5,"quantile_regression",2836.28641829426,0.326315238186467,57.092509157933,-48.6375839039633,171.714031247816,58.0207055974311,"wilcoxon",0.153949927369422
"lm",2798.11037844882,0.0618844074200252,36.9790330659284,1.87775859946202,69.4376973393373,"anova",0.0582339556505557,0.242688516490238,0.127397912386053,"tweedie",4106.20014577922,0.0625352170214527,0.0903212341078181,1.87304971463651,0.169176161771266,0,1.5,"quantile_regression",2850.45574598959,0.222683884695302,80.023928098313,-36.9425109756148,203.609313192969,65.4183670993191,"wilcoxon",0.0621075130893324
"lm",2789.77402154582,1.77127052295151e-05,36.2163323100849,4.39948369495921,159.333163489443,"anova",1.56501391816302e-06,0.590471408341672,0.119223631735114,"tweedie",4037.43065664743,3.46701478737759e-05,0.0958282747608882,4.23719760765909,0.406043336562934,0,1.5,"quantile_regression",2822.76946922627,1.45683530905494e-05,258.541436449865,192.984231855584,328.478807171942,58.1530399363111,"wilcoxon",7.90515646793967e-06
"lm",2811.41770735119,0.418908071503711,38.2299561378923,0.810007871197907,30.9665653872434,"anova",0.17931590404397,0.169650857375418,0.12588787389541,"tweedie",4163.6036140671,0.420513189940296,0.0931001462707381,0.807211601476815,0.0751515181689282,0,1.5,"quantile_regression",2856.75997222061,0.659003405023888,28.860293304282,-66.6084894624866,141.136859284293,65.3012884210385,"wilcoxon",0.343733977466044
"lm",2810.14024709089,0.000147797694767703,38.1080577676062,3.86982545097015,147.471531836123,"anova",0.000104014501732513,0.509014296777491,0.128500591871359,"tweedie",4183.31531836379,0.000191883106291844,0.0949715181317966,3.80087206095787,0.3609745898539,0,1.5,"quantile_regression",2846.98572530451,0.00120295137821769,214.843821294209,161.338662594036,289.996750606463,65.3862092162384,"wilcoxon",0.000147165358522558
"lm",2808.82624872574,0.302999342582959,37.9830783444295,1.03271006276796,39.2255072211962,"anova",0.127498183956693,0.20658728080037,0.134983493840777,"tweedie",4118.68719395629,0.305033467430686,0.0857844418289397,1.02836353064381,0.0882175914735165,0,1.5,"quantile_regression",2865.12479768,0.34730930251493,68.70566664788,-66.5245555973556,176.197172385147,72.9312151830292,"wilcoxon",0.29397771417655
"lm",2810.98920956792,0.0301400723680278,38.1890244370863,2.18396233594133,83.4033910169395,"anova",0.00968102162384777,0.29877234984417,0.114367963372713,"tweedie",4004.07726021298,0.0318842037359306,0.0891349469927609,2.16114954909874,0.192633950502345,0,1.5,"quantile_regression",2860.13656468345,0.0477588646865368,127.797243464428,21.9944918012297,237.632877709855,64.1592323309488,"wilcoxon",0.0262655915944737
"lm",2812.27706993684,0.183408131731245,38.312177914054,1.33500346130895,51.1468901255465,"anova",0.070026844576672,0.218121775949991,0.119742780002658,"tweedie",4146.97933396405,0.185816098676733,0.0967605984389129,1.32766905862327,0.128466052641216,0,1.5,"quantile_regression",2855.78005841254,0.215450036605613,82.325186074026,-39.2086978526365,162.409943004768,66.2473157652067,"wilcoxon",0.106558152432874
"lm",2801.71018765303,0.00287795765964453,37.3133287193707,3.01810556046443,112.61556488737,"anova",0.00294322735500834,0.373852052695218,0.124162655223116,"tweedie",4061.56337680215,0.0033644613781721,0.0892145766534353,2.96825271080892,0.26481140899523,0,1.5,"quantile_regression",2851.40870331165,0.00878173969354634,187.324793631196,81.0911175022085,282.220835720231,70.7765113511349,"wilcoxon",0.00235952486132406
"lm",2792.16913926176,0.224162723253273,36.4338388000828,1.21934795223604,44.4255267329792,"anova",0.119900812182912,0.188287383174805,0.12054772041861,"tweedie",3922.7637308454,0.225477818398732,0.0873422518112422,1.21588118071087,0.106197800258199,0,1.5,"quantile_regression",2834.04701609243,0.727124847873644,21.421822484431,-79.7545296658144,111.718012345488,61.3019986741599,"wilcoxon",0.177809929215352
"lm",2793.70459054834,0.0282361383121721,36.5739635330486,2.2102094168249,80.8361186113543,"anova",0.0132212401828116,0.312855439772189,0.125128130685539,"tweedie",4047.13493860747,0.0293602960229272,0.0923379635070589,2.19453325210555,0.20263873134795,0,1.5,"quantile_regression",2830.83174164472,0.0710463819474501,102.524436485407,20.3167083041003,171.295697782314,56.4891703461218,"wilcoxon",0.0234364974177413
"lm",2817.65898780434,0.0056407595104134,38.8311438622615,2.79854672113749,108.67077033375,"anova",0.00491832231170476,0.410310806032113,0.144256995782582,"tweedie",4310.861319921,0.00614518409331611,0.0952820178059611,2.76966019257076,0.263898811784989,0,1.5,"quantile_regression",2862.98569423373,0.0183671814726405,170.200571055781,91.0520328118661,269.108701912061,71.5783676585149,"wilcoxon",0.00661105040119415
"lm",2800.8452844982,0.00105824568066895,37.2327348438263,3.32369281368127,123.750173234126,"anova",0.000193559685075339,0.453706446891872,0.119441765151894,"tweedie",4034.70958118515,0.00124943237937774,0.0934205642520267,3.27448368543047,0.30590411352697,0,1.5,"quantile_regression",2848.66346390141,0.00819781451988133,186.08481696499,40.102579812112,292.52837468526,69.6754513810012,"wilcoxon",0.000379550322364246
"lm",2818.33053634262,0.893195113454437,38.8963911125567,-0.134435059091788,-5.22903863767384,"anova",0.720522244126546,0.0421794654608177,0.117730637526735,"tweedie",4054.64858955607,0.8931639218251,0.0849959708547524,-0.134474558592308,-0.0114297956628175,0,1.5,"quantile_regression",2882.41614171172,0.640559355540161,-37.809946543572,-174.416583609876,138.959561465476,80.8534097289909,"wilcoxon",0.977583213815065
"lm",2794.66245494294,0.0129361242537563,36.6616507252895,2.50824358955377,91.9563504141665,"anova",0.0477314367560783,0.270263537760958,0.135666020831605,"tweedie",4147.12582019806,0.0134689063044682,0.0947194954722883,2.49348677887078,0.236181809661461,0,1.5,"quantile_regression",2841.96665703228,0.0333785380615632,137.450937749469,24.5148614465082,277.716570843931,64.1560748875011,"wilcoxon",0.0118874178359165
"lm",2799.51830326645,4.47596200478618e-05,37.109421648928,4.17425059843077,154.904025525458,"anova",6.37985194043823e-07,0.60349085041522,0.117268983869714,"tweedie",4051.30773125729,8.64079174508861e-05,0.0943907272760548,4.00877157318869,0.378390864276855,0,1.5,"quantile_regression",2838.58220009839,0.000114487568052546,247.802003804375,157.241509765257,343.19354600328,62.9515222728692,"wilcoxon",1.03803367634648e-05
"lm",2795.81291261046,0.0178623493861735,36.7672467000726,2.38838343600728,87.8142830060467,"anova",0.011001341310246,0.304767085806994,0.11873254756102,"tweedie",3970.05454361678,0.0187652758304163,0.0898686038293844,2.36967151065057,0.212959070196435,0,1.5,"quantile_regression",2838.56879792247,0.0160713381222322,144.33131455436,52.9771773819321,233.126818238736,59.4417185275733,"wilcoxon",0.0160419496045387
"lm",2802.90268153448,0.104456137244216,37.4247344907206,1.63111255534415,61.0439543082358,"anova",0.137874032400292,0.197061449795075,0.132275791291627,"tweedie",4224.20455021791,0.105792017310796,0.0946560744001992,1.62481831335728,0.153798923155953,0,1.5,"quantile_regression",2849.17238610151,0.0802577289808963,114.682982185447,32.5142637745337,204.596256308946,65.2273170675862,"wilcoxon",0.1060290889134
"lm",2787.74376858671,0.000612910624142658,36.0329772355944,3.48173703081895,125.457351171825,"anova",0.00403184876346545,0.381734825400482,0.131194646631371,"tweedie",4057.70805947144,0.000740091319624469,0.0937299177054252,3.4278038751255,0.321287775125851,0,1.5,"quantile_regression",2818.29559513789,0.000794858132030729,176.348117510484,87.9202937950613,240.2224987528,51.7572789109842,"wilcoxon",0.00036229712100609
"lm",2807.20491384545,0.0114709326322618,37.8294317211266,2.55181583908949,96.5337430497252,"anova",0.0129190786185055,0.301663091597737,0.120245599003403,"tweedie",3983.69941571345,0.0124604040846951,0.0848002838549158,2.52188509595049,0.213856571986083,0,1.5,"quantile_regression",2861.94463752054,0.0733692063467124,121.541968933537,26.3868900048893,305.593885135992,67.5200754994176,"wilcoxon",0.00871649084155993
"lm",2802.39284264895,0.383661380522248,37.3770634155742,0.873108860272887,32.6342452391194,"anova",0.282916328685324,0.12341032114773,0.114617105840811,"tweedie",3967.39521587818,0.38418582271585,0.0873621925521544,0.87214464277367,0.0761924682153233,0,1.5,"quantile_regression",2852.36035380311,0.769766740507466,20.131639740918,-84.9837078034977,162.791262592631,68.6895460412842,"wilcoxon",0.386390713399902
"lm",2809.67608068818,0.00117204550243158,38.063862214959,3.29349556836305,125.363161519749,"anova",0.00200735070233669,0.409119383370913,0.130676909337274,"tweedie",4200.10773998875,0.00130408483833415,0.0914745004169835,3.26170636004953,0.298362959792428,0,1.5,"quantile_regression",2866.29915096364,0.175964329535018,102.697804269334,31.5799454390672,269.122457520977,75.6164244622921,"wilcoxon",0.0011018279599971
"lm",2777.89099919904,0.0156775986376749,35.1562576699279,2.43737246954553,85.6888945769313,"anova",0.00714922572164152,0.348666112957656,0.128277831048983,"tweedie",4059.68424580716,0.0170053393374474,0.0969710778900405,2.40693285379263,0.233402873241222,0,1.5,"quantile_regression",2807.24969553262,0.0593552002579674,101.430617229896,44.5749702240415,196.37482639456,53.484182044288,"wilcoxon",0.00675888084402814
"lm",2767.32828006667,0.0189100527648617,34.2400438580832,2.36674537672826,81.0374655000912,"anova",0.00389600421590857,0.351679434037112,0.120403329365502,"tweedie",3910.72994738097,0.0211070420283183,0.089206642784699,2.32460160706076,0.207369905177806,0,1.5,"quantile_regression",2810.33458215676,0.0448351706250083,113.491698071701,52.8265806602226,246.342172504098,56.2116875639997,"wilcoxon",0.00822903702067127
"lm",2801.36659566991,0.950609658017644,37.2812910796571,-0.0620197582186696,-2.31217665884018,"anova",0.877552388909107,0.0176985910379783,0.114723270482066,"tweedie",3984.92725491146,0.950608061412429,0.089615667743933,-0.0620217656713406,-0.00555812194529492,0,1.5,"quantile_regression",2847.68542983244,0.79268266736804,-16.023288174742,-101.530910980746,61.8476593809789,60.8825258871605,"wilcoxon",0.965893403786934
"lm",2812.90927560144,0.026274567826979,38.3727787314154,2.23891034220188,85.9132111607902,"anova",0.00858823076722937,0.36101726466816,0.136001591435253,"tweedie",4287.28979738727,0.0276378579141595,0.0937475312459727,2.21877450369943,0.20800463211333,0,1.5,"quantile_regression",2871.75711481647,0.292286871266777,78.619206103408,-32.8519101888419,239.172733545186,74.4549389231436,"wilcoxon",0.0186847356965692
"lm",2806.599833211,0.362642141645139,37.7722503398472,0.912448805115402,34.4652446891134,"anova",0.0609727624295628,0.236202135598534,0.125344429607866,"tweedie",4113.86161912891,0.36403257705623,0.0957129502519045,0.909803013208571,0.0870799305422647,0,1.5,"quantile_regression",2842.35711569924,0.960136021722074,3.10656987590795,-64.2007413814563,63.4404529867411,62.0740420914605,"wilcoxon",0.24629805495644
"lm",2807.45497652213,0.0458456827317944,37.8530884373169,2.0094633070075,76.064392271698,"anova",0.0411962763995137,0.259464397582805,0.126262758318177,"tweedie",4041.88151974927,0.0481576038035082,0.0871092686261086,1.9882860520741,0.173198143815668,0,1.5,"quantile_regression",2854.93402297007,0.0435467223376675,138.27556316632,52.6171127313193,193.741942957019,68.0677355086201,"wilcoxon",0.0251321172491966
"lm",2774.39235091699,0.0661833695731283,34.8501000926182,1.84738466937586,64.3815406373172,"anova",0.0154603333793971,0.277210148298382,0.113491203910182,"tweedie",3845.13379142979,0.0682618688459076,0.0868196951436134,1.83328352917762,0.159165117115008,0,1.5,"quantile_regression",2816.74446593133,0.217756077461557,68.149628300053,3.66600543322352,165.666022057525,55.1171801487783,"wilcoxon",0.0597503735756884
"lm",2805.87711459748,0.0250142674451881,37.7040651857584,2.25835123883447,85.149022321353,"anova",0.0646843394235515,0.246224649355903,0.132536714720647,"tweedie",4207.54722380782,0.0253715742878868,0.0956644055244033,2.25275440205443,0.21550841066502,0,1.5,"quantile_regression",2849.04488306277,0.123074968990823,104.129610923628,11.4416502884237,200.537853477924,67.2411639266169,"wilcoxon",0.0277876244001023
"lm",2838.61772709499,0.89485156005447,40.9200208144564,0.132337720189197,5.41526226467965,"anova",0.991580275549211,0.00136533990552014,0.12921903562836,"tweedie",4341.04189241697,0.894841474299972,0.0931598785655226,0.132350488664645,0.0123297554520859,0,1.5,"quantile_regression",2895.7943258884,0.998278550136961,0.172138352668014,-93.849863710539,109.059897519572,79.6846440098551,"wilcoxon",0.849808604624118
"lm",2803.4063546967,0.0429636638601914,37.4718887583292,2.03717109426842,76.3366486261101,"anova",0.172627149570205,0.174106812722194,0.127200977738129,"tweedie",4148.1932445856,0.0430914188552882,0.0919321771700886,2.03590984097046,0.187165624202423,0,1.5,"quantile_regression",2850.98060762254,0.0199391817774548,155.153084747802,48.4512552336148,243.718049653831,66.1211799294623,"wilcoxon",0.0607513298814253
"lm",2784.68358228213,0.0016383999696872,35.7583599913181,3.19293664236128,114.174177887025,"anova",0.00024659510232332,0.44451269387397,0.119054163561328,"tweedie",3949.79453967528,0.00196530592845279,0.0883196461573686,3.13729355909886,0.277084657031403,0,1.5,"quantile_regression",2832.89188305155,0.0160258258867596,156.849478415859,40.7901587241163,272.619082319459,64.569044657005,"wilcoxon",0.00151007446699602
"lm",2816.46354928879,0.146564357423538,38.7152664914109,1.45749362156302,56.4272539683441,"anova",0.0882313964563921,0.230961494530062,0.134808825999878,"tweedie",4281.11177545066,0.148340462464723,0.0941522210958388,1.45107852879989,0.136622266470992,0,1.5,"quantile_regression",2865.59386130114,0.773187625469706,20.30661806379,-40.3244572528938,181.646648358574,70.3619344475448,"wilcoxon",0.113628043658067
"lm",2815.60902950491,0.0216943551355039,38.6326473695371,2.31399029561324,89.3955711069571,"anova",0.00193273982560588,0.410369121843725,0.130589511362244,"tweedie",4337.57608842424,0.0234793555916525,0.106768342986213,2.28321741466724,0.243775340041287,0,1.5,"quantile_regression",2838.73990871876,0.00707143925774401,158.042505301184,96.4014038120575,212.869264787657,58.065229682075,"wilcoxon",0.00433554547208143
"lm",2800.2933875694,0.227825644852375,37.1813986872763,1.20972797593207,44.9793781762823,"anova",0.16404494204135,0.202693412283712,0.145115326125772,"tweedie",4256.67162220512,0.228882098244116,0.0932704753976428,1.20697406428917,0.112575044768876,0,1.5,"quantile_regression",2848.10426033909,0.876903935767202,9.209746054589,-53.7733473828577,166.075654369747,59.3810885717987,"wilcoxon",0.236483564916445
"lm",2788.76591733875,0.88580494350028,36.1251726389803,0.143799630048079,5.19478646090836,"anova",0.272805310811697,0.130221107835233,0.118416901017223,"tweedie",3957.51770749171,0.885865652967912,0.0863446138386036,0.1437226505664,0.0124096767630164,0,1.5,"quantile_regression",2835.27630046128,0.435514483394487,-47.646865650886,-131.178598906369,59.5448206321614,60.9781285325973,"wilcoxon",0.766564424781267
"lm",2794.40429636151,0.067889388370113,36.6379970597462,1.83578411712866,67.2594530856888,"anova",0.0365980856798969,0.246117929757156,0.116949343549772,"tweedie",3983.93384387042,0.0696244900824045,0.0913454157169238,1.82423101407763,0.166635140344627,0,1.5,"quantile_regression",2834.43768077491,0.045721327080861,111.160935113204,-16.9202381631364,190.116043512065,55.2866775813141,"wilcoxon",0.0452463289192234
"lm",2786.81878961881,0.00327723771930451,35.9497491377476,2.97668129909807,107.0109459656,"anova",0.00706373813470452,0.300918479262616,0.110543053619296,"tweedie",3860.22507604891,0.00335539074150812,0.088121606719718,2.96911982155049,0.261643609218391,0,1.5,"quantile_regression",2827.58224246736,0.0509298699370953,117.881075206672,41.6214687395972,214.446986612615,60.0209701040389,"wilcoxon",0.00417175897207305
"lm",2794.84772196964,0.248428195032858,36.6786351458612,1.15758435152251,42.4586140800523,"anova",0.167244948472823,0.193050562841881,0.139266047277654,"tweedie",4197.92207243063,0.25041980499017,0.0984352814518445,1.15270848030015,0.113467183690274,0,1.5,"quantile_regression",2832.9727422007,0.543711476985819,36.251625365242,-34.7510591083633,112.771773961315,59.5987973497981,"wilcoxon",0.143640325338137
"lm",2796.55705368988,0.000590983224362834,36.8357104102679,3.49208419636571,128.6334021856,"anova",0.00271861188870682,0.369220512005379,0.121608907803921,"tweedie",4009.59014301233,0.000701412338180845,0.0903395557539151,3.44322327985093,0.311059261463272,0,1.5,"quantile_regression",2838.86194840093,0.000137837766777116,225.931065911781,102.846072697111,325.701966188188,58.1083929853572,"wilcoxon",0.000730190273396027
"lm",2779.60280075682,5.04186803752845e-05,35.3070313998151,4.14466734368233,146.33590004518,"anova",1.58046545745258e-05,0.533436315074603,0.120507381279999,"tweedie",3927.99070645543,7.22608293381979e-05,0.0914793023410065,4.0542536589261,0.370880296232033,0,1.5,"quantile_regression",2817.55350328766,0.000982756169243926,190.776666690462,100.09084286276,299.544830063379,57.025839634802,"wilcoxon",4.2418082620438e-05
"lm",2782.61640787924,0.0158174212519224,35.5740397629607,2.43406157377274,86.589403210886,"anova",0.00677371419896781,0.335109514271264,0.122457493405732,"tweedie",3996.01703105734,0.0170803232257142,0.0920414516455065,2.40527729168836,0.221385213536969,0,1.5,"quantile_regression",2820.12251198746,0.00686675965533512,144.230821102299,39.9166495797394,227.271378984022,52.7955847356498,"wilcoxon",0.00990876557052442
"lm",2794.82864977264,0.00251367159119169,36.6768863321664,3.06080026527411,112.260623414923,"anova",0.000909293313128836,0.431115114311859,0.127997227084967,"tweedie",4054.11192911231,0.00293656613057564,0.0907959916301638,3.01170617261473,0.273450848441239,0,1.5,"quantile_regression",2843.51180859715,0.0105237033052705,172.162846708889,48.821590722448,294.015598590522,66.6596069046001,"wilcoxon",0.00162851835315058
"lm",2796.80962186092,6.47156194229616e-05,36.8589765748784,4.08211599845326,150.462617962925,"anova",1.98804688298691e-05,0.572389480400555,0.13092454951595,"tweedie",4179.5334078825,0.000105720826932542,0.0967244604345402,3.9569864399701,0.3827373783529,0,1.5,"quantile_regression",2832.90216544722,0.000148475328540787,249.355759876576,198.864030020947,322.857501938986,64.4559111072845,"wilcoxon",7.58752407553657e-05
"lm",2802.40013887006,0.00215882495684741,37.3777452000902,3.10827180606962,116.180191579894,"anova",0.00081379388505086,0.43458689166858,0.127804538656295,"tweedie",4144.55738275751,0.00251813657945253,0.0944525171258283,3.06024334401148,0.289047686859446,0,1.5,"quantile_regression",2852.6536854753,0.0535424029064011,123.198478585478,68.1795614890718,297.701752756826,63.4353661107859,"wilcoxon",0.00165597446436795
"lm",2796.70512436966,0.00250349849708059,36.8493486560937,3.0620725758662,112.835379958356,"anova",0.0655421969929961,0.240052183070657,0.129631198143916,"tweedie",3949.3642382242,0.00245906041559247,0.0857585048673801,3.06768675944692,0.263080229891626,0,1.5,"quantile_regression",2838.8022168607,0.0569929959350068,119.46481435087,36.1599407526698,229.803391301434,62.3987523072726,"wilcoxon",0.00520580329220417
"lm",2802.83989598209,0.925431102595346,37.4188606201552,0.0937140098085283,3.50667147118117,"anova",0.632447655873687,0.0589974704181785,0.12316092146258,"tweedie",4118.78277570413,0.925439364231026,0.0949515831373999,0.0937035964514895,0.00889730482873697,0,1.5,"quantile_regression",2840.34178521479,0.926804372174796,5.62814870335001,-80.7279674385456,67.1462343884926,61.1866925460509,"wilcoxon",0.845980590905898
"lm",2814.12254413712,0.0406865292647116,38.4893466399182,2.06020622908488,79.2959917009665,"anova",0.042941376088483,0.254726805355282,0.125025951492134,"tweedie",4216.9016739796,0.0409115215031973,0.0937495767902961,2.05788194550323,0.192925561475319,0,1.5,"quantile_regression",2877.41057044644,0.136704786030828,117.912139815721,-86.7622999477184,247.968768374186,78.9111008642286,"wilcoxon",0.035293090283944
"lm",2814.8732650496,0.0291046030580089,38.5616513631052,2.19805250984192,84.7605345623223,"anova",0.00834389742234406,0.393908670438571,0.147831176665378,"tweedie",4410.85950093863,0.0311475436689447,0.0999724863981096,2.17064987151486,0.217005264755078,0,1.5,"quantile_regression",2855.32622346973,0.0170933897865515,138.30185432575,46.8642397547042,218.977327723817,57.506220701884,"wilcoxon",0.016809143002701
"lm",2811.69367273362,0.00809232061056726,38.2563405995081,2.6752420413863,102.344970721398,"anova",0.00107894303214483,0.427417966897992,0.128818636049438,"tweedie",4199.56689831234,0.00911349317957788,0.0940422944618033,2.63369053881826,0.247678301172812,0,1.5,"quantile_regression",2862.06888607667,0.0310020960843373,144.622098558302,13.3243649563202,247.321011591064,66.5679475639697,"wilcoxon",0.004269343753334
"lm",2788.7244941089,0.0147239650090931,36.1214317793577,2.46067893940861,88.8832464407504,"anova",0.00101428704053688,0.405556853519623,0.121563433013166,"tweedie",4004.65090468799,0.0164656604586048,0.0939285091923515,2.4190425540822,0.227217060777799,0,1.5,"quantile_regression",2824.10863119028,0.108499935792811,92.919004362652,52.6610760860421,201.395511984596,57.6330591424799,"wilcoxon",0.00447074832705252
"lm",2795.44143290146,0.0364341012138441,36.7331168354538,2.10634600708128,77.3726539740081,"anova",0.00307161212035184,0.377292041393245,0.125873251078426,"tweedie",4060.19540366398,0.0399217135584497,0.0852238569260941,2.06819013805451,0.176259140421516,0,1.5,"quantile_regression",2849.19279938165,0.0765635141835868,127.448661628342,44.7210080138951,271.795541722106,71.5890797111125,"wilcoxon",0.0429343896479115
"lm",2817.55032149122,0.0725509819934559,38.820596201951,1.80527367478507,70.0818003628435,"anova",0.00445140688541792,0.381770953726776,0.13268565827279,"tweedie",4281.73789080385,0.0759736850774077,0.097858081951233,1.78388603676669,0.174567665977575,0,1.5,"quantile_regression",2863.91693802745,0.228127845012701,84.768026359646,12.8709466927631,230.474492574062,70.1176872119882,"wilcoxon",0.0243486452460207
"lm",2794.9766128007,0.0423551205768926,36.6904558996579,2.04322311583474,74.966787624696,"anova",0.00540083988515428,0.331728725368161,0.117922021325738,"tweedie",3988.04798992379,0.0446696850896211,0.0894874455593306,2.02058537111895,0.180817023395987,0,1.5,"quantile_regression",2838.65040670495,0.044116662739172,113.85549348014,-5.49612055136755,188.927309604803,56.1999058324819,"wilcoxon",0.023586430597056
"lm",2796.056297986,0.0366152522944229,36.789625032945,2.10428861722381,77.4159891887582,"anova",0.00925908611762493,0.324075663287411,0.123311223464072,"tweedie",4085.20515679704,0.0379640670221964,0.0945636611354835,2.08923845272134,0.197566037074363,0,1.5,"quantile_regression",2829.36191114502,0.08368578935059,88.021115865488,24.0609574606223,163.689304864415,50.631909623914,"wilcoxon",0.0194339085784253
"lm",2827.71068807693,0.0837902430416721,39.8193052889896,1.73785999760743,69.2003777942528,"anova",0.00637511847495396,0.372485054814021,0.135095355803643,"tweedie",4414.73014659643,0.0878257392634,0.0982081146066943,1.71545736511999,0.168471833516602,0,1.5,"quantile_regression",2880.29920287335,0.111027413549467,118.751967235795,6.27973647935846,274.783235011678,74.18537540076,"wilcoxon",0.040007800903984
"lm",2811.94132420138,0.0263312952184116,38.2800335304888,2.23805454652728,85.6728030841271,"anova",0.0214467785582855,0.292670819342667,0.126236518046409,"tweedie",4183.43474853008,0.0276672353397481,0.0991365214672467,2.21835018864451,0.219919521098428,0,1.5,"quantile_regression",2849.46498323106,0.0348697806181508,130.245727457065,58.0638072670699,232.350921341976,61.3068842740344,"wilcoxon",0.0217008311780176
"lm",2807.54325586081,0.000135940667884814,37.8614434732905,3.8917187653192,147.346090047077,"anova",8.77728371011934e-06,0.615870495321066,0.134924838238784,"tweedie",4247.53263833085,0.00022408866256019,0.0996193177722277,3.75943514290572,0.374512364145205,0,1.5,"quantile_regression",2850.05764138481,1.91478187745453e-05,274.869809949845,107.20813368634,358.370060818032,62.742954525251,"wilcoxon",5.34185012028762e-05
"lm",2808.54407157205,0.0195455171726394,37.9562929010012,2.35413072634989,89.3540753765829,"anova",0.00603653044939823,0.378358726196585,0.136311323434641,"tweedie",4252.44789947717,0.0212938551353091,0.0964976636530025,2.32119855055988,0.223990237003764,0,1.5,"quantile_regression",2854.44028398495,0.123698688710329,100.405119796686,12.0240658380368,246.237878681574,64.9446297394208,"wilcoxon",0.00840889804854357
"lm",2815.8290920023,0.352716941399912,38.6539072092699,0.931524116014842,36.0070467436348,"anova",0.416735017213479,0.100519697967928,0.12351836237025,"tweedie",4156.59560868237,0.353680176115312,0.0926333162383858,0.929658047821126,0.0861173079373748,0,1.5,"quantile_regression",2865.1086649778,0.812860628671342,17.207897191678,-24.5578695422679,161.683760123303,72.5908768875778,"wilcoxon",0.290618534849656
"lm",2784.05445548625,1.37175809024636e-06,35.7021628407017,4.98140197810818,177.846824597412,"anova",1.90992685806239e-07,0.696210770889972,0.128960293014363,"tweedie",4092.37436413363,2.9218196072421e-06,0.0956518884989004,4.81473046137804,0.460538061243991,0,1.5,"quantile_regression",2823.04779872619,8.0003719548305e-05,234.797135829072,141.642536168027,318.844034900322,58.2853466994228,"wilcoxon",1.00609363310337e-06
"lm",2808.25839592282,0.755794273398112,37.9291946072639,0.311439399315977,11.8126455850251,"anova",0.48046840435553,0.0888216262975419,0.125651982920414,"tweedie",4128.85223507016,0.755970379452823,0.0939883904637094,0.311207376819433,0.0292498804476916,0,1.5,"quantile_regression",2858.50612317859,0.966908946454288,-2.871817693835,-120.600507025117,112.187180365073,69.137310412554,"wilcoxon",0.532439867987911
"lm",2811.16724706826,0.00186748840980051,38.2060259165599,3.15298416514625,120.462994728081,"anova",0.00178923495991807,0.399949662935756,0.126322729035752,"tweedie",4153.94015175393,0.00213548872834229,0.0919295247641245,3.11164095963378,0.286051674655718,0,1.5,"quantile_regression",2862.48564112648,0.0290068680879658,160.791196059832,33.4544020688038,271.545044682787,73.1066866203032,"wilcoxon",0.00152283154776546
"lm",2786.58516310656,0.042728464021225,35.9287582321168,2.03950146750131,73.276755139902,"anova",0.00311393118173458,0.354842281425557,0.118556158854599,"tweedie",3941.88584544554,0.0460189025228123,0.0857265231927362,2.0078455943215,0.172125621909035,0,1.5,"quantile_regression",2835.26603256196,0.0323342521765833,136.50939343663,-0.290900358824999,210.237543190827,63.3325416424637,"wilcoxon",0.0318317430011593
"lm",2823.33698736457,0.0490190781165374,39.3862826825844,1.98061479612215,78.0090542453763,"anova",0.124452747146527,0.219128270215635,0.142024013995923,"tweedie",4276.44590365467,0.0504712114434292,0.0935812653774709,1.96793810211405,0.184162137780372,0,1.5,"quantile_regression",2870.48907256439,0.0347314116922508,140.817220912305,23.4574323852241,232.032911619779,66.2318329938393,"wilcoxon",0.034659895019106
"lm",2800.31657664351,0.0664901641731767,37.1835542552819,1.84528038126879,68.6140831731154,"anova",0.0657452032901536,0.239831955159295,0.129610582446741,"tweedie",4104.6708904117,0.0665283063309354,0.0907189770429748,1.84501932973999,0.167378266218527,0,1.5,"quantile_regression",2841.15852797359,0.394713928004361,52.646560866017,-15.6953577497914,154.830136349823,61.7224293663104,"wilcoxon",0.0851841631436125
"lm",2827.06512433906,0.574535696370974,39.7550923709376,0.562317612119737,22.3549886116252,"anova",0.487929334396362,0.0994827077848235,0.143160101103138,"tweedie",4399.74406080955,0.574875332902322,0.0998830016160834,0.561818135191306,0.0561160817052582,0,1.5,"quantile_regression",2876.14667244393,0.758631827741888,21.6190276088,-90.029792139939,180.74781393061,70.2594171065293,"wilcoxon",0.49311010223054
"lm",2812.36804995198,0.0219318269560775,38.3208930114575,2.30977117865837,88.5124942183156,"anova",0.0196040555825639,0.307356344568456,0.13062390709461,"tweedie",4154.81075343919,0.0230666252536059,0.0930359098169348,2.29014594953205,0.213065812028283,0,1.5,"quantile_regression",2859.41994444922,0.0631021240817846,131.050152593694,68.1161312650301,286.540857290823,70.1185020366719,"wilcoxon",0.016809143002701
"lm",2799.4149356387,0.0353887732244302,37.0998331057052,2.11839271422516,78.5920161500951,"anova",0.00084591216978063,0.403701035702975,0.119114613050229,"tweedie",4070.61036790088,0.0392603698251297,0.0953072114436227,2.07520002031334,0.197781527123814,0,1.5,"quantile_regression",2836.3032154617,0.0196724970952533,144.093792508806,75.1740500351327,236.878906162985,61.273396693216,"wilcoxon",0.00627735823335176
"lm",2814.03788450323,0.00997005529764351,38.4812012669411,2.60195188548932,100.126234192411,"anova",0.00157149108128168,0.424926042299368,0.132558034478614,"tweedie",4264.54852510059,0.0115107035465491,0.0949473264084963,2.5505690716228,0.242169714170785,0,1.5,"quantile_regression",2859.80174397891,0.00578858362413026,186.001516654645,114.618629413522,259.906935725035,66.6708899475592,"wilcoxon",0.00743439587475115
"lm",2772.58189613293,0.000125278064789412,34.6927201966779,3.91301377199399,135.753091917535,"anova",5.60557585043582e-05,0.497921156338182,0.120907526802015,"tweedie",3883.49902814515,0.000144956553647931,0.0920962328067471,3.87491543425617,0.356865113939714,0,1.5,"quantile_regression",2808.52268776662,0.00405876232837743,154.291319723949,20.3406757833018,252.338106234497,53.0664344059237,"wilcoxon",0.000182525127950172
"lm",2820.72191982157,0.0342427622696573,39.1296280844063,2.13195653345593,83.4226662462506,"anova",0.00948583194501898,0.363365482295805,0.138711444808712,"tweedie",4402.19124290895,0.0356436053644585,0.103351934337035,2.11542803886903,0.218633579767914,0,1.5,"quantile_regression",2867.05080121258,0.0374718789361523,148.606502246068,17.356842377209,264.829615682803,70.944850276403,"wilcoxon",0.0116424918082436
"lm",2811.29985386092,0.00413957169879354,38.218693962673,2.901073701284,110.875247952532,"anova",0.000751630756274953,0.425283650814326,0.124230269506649,"tweedie",4086.99397053943,0.00445448935726763,0.0900336844795214,2.87703091010445,0.259029693198174,0,1.5,"quantile_regression",2866.55757233855,0.436082295842397,54.074430984821,-55.1313526062773,195.319170509598,69.2898850082895,"wilcoxon",0.00300236381105397
"lm",2798.89662612872,0.0270773803688425,37.0517912473236,2.2269458388613,82.5123323405847,"anova",0.00119309658689467,0.402911768038658,0.122532219301348,"tweedie",4133.2410617191,0.0298185796965118,0.102631069623232,2.18829156024912,0.224586703475858,0,1.5,"quantile_regression",2817.7341758102,0.00549046479463966,122.994630261421,63.9091458474938,190.447027568173,43.807622573464,"wilcoxon",0.00324983416243666
"lm",2781.04238467188,0.108455287145238,35.4343289179671,1.61245697647633,57.136330870533,"anova",0.191018550863317,0.171582056619116,0.130772897803622,"tweedie",4085.10196578272,0.108908350258013,0.0930462895339337,1.61037828608183,0.14983972426593,0,1.5,"quantile_regression",2823.46528257356,0.148293672837343,88.243590839846,12.7305846440533,181.935615719408,60.8053660040812,"wilcoxon",0.121649538793525
"lm",2801.82786525003,0.0297199468788239,37.3243076914157,2.18962785594243,81.72634382489,"anova",0.0186989248381184,0.324945799962887,0.137048995268435,"tweedie",4173.80895256944,0.0300706890230035,0.0939796760905952,2.1848932570302,0.205335560588224,0,1.5,"quantile_regression",2844.90527188839,0.204638939248729,78.191384504458,-31.2251596512064,154.717911941087,61.4404020358425,"wilcoxon",0.0342431768136191
"lm",2788.95163389941,0.0225011463306358,36.1419491403111,2.29981698212824,83.1198684001026,"anova",0.0173081705711519,0.289303045022386,0.120528582586145,"tweedie",3937.41468276894,0.0240767904180877,0.0853941350621384,2.27337454601933,0.194132853029602,0,1.5,"quantile_regression",2829.44040081894,0.0317100693127399,123.740291743123,35.2818837857859,203.090207430234,57.1977207897938,"wilcoxon",0.0180798496797945
"lm",2789.80410304447,6.39731797292881e-05,36.2190560163782,4.08502300534971,147.955677058955,"anova",4.40453896773195e-05,0.518752203777728,0.124155804754142,"tweedie",4083.57294693866,9.83612632082025e-05,0.0975059447673244,3.97556805748913,0.387641519432274,0,1.5,"quantile_regression",2817.79601936029,1.56484176510041e-05,230.523394998631,150.641237285841,292.344446446891,52.0493053072144,"wilcoxon",2.54039380695907e-05
"lm",2791.52473590815,0.0968077044786642,36.37519083418,1.66844635681451,60.6900546257202,"anova",0.0673592076012645,0.226235957160769,0.122996899934426,"tweedie",4068.09932701834,0.0989620472568594,0.0960329295996263,1.65769747561823,0.159193544973524,0,1.5,"quantile_regression",2821.41958531976,0.0447174903363035,107.356598773057,41.339268806863,191.742732281836,53.1434523321702,"wilcoxon",0.062794942043469
"lm",2786.56148770905,0.0262698037326973,35.9266317259661,2.23898228706043,80.4390920681815,"anova",0.000710963925776354,0.417809336224143,0.121479408452664,"tweedie",3947.66306377882,0.0291246694290161,0.0877049348104926,2.19777535685518,0.192755744401091,0,1.5,"quantile_regression",2829.12812314164,0.0813760309357976,109.159274420969,-4.5316853280475,215.952686138201,62.3166793453733,"wilcoxon",0.0108580934723585
"lm",2795.13887402057,0.00328604144724906,36.7053425141838,2.97582129732042,109.228539979149,"anova",0.00285222818482786,0.385517077966358,0.127614396714366,"tweedie",4100.44989266773,0.00374894467204598,0.095288456930108,2.93333696410952,0.279513152966044,0,1.5,"quantile_regression",2827.60247993542,0.00209088684534775,170.364965622225,114.545314315333,242.265584600764,54.6360956035269,"wilcoxon",0.00152283154776546
"lm",2792.85775516395,0.000927796764797938,36.4966151224849,3.36228073787351,122.711866023914,"anova",3.70371392143313e-05,0.490159703893209,0.116124359604674,"tweedie",3950.94189742765,0.00125710033932067,0.0901030826635134,3.27265998283755,0.294876752963184,0,1.5,"quantile_regression",2830.36151811667,0.0115621079055646,147.58335790787,94.745189872245,253.755729391341,57.8993654488833,"wilcoxon",0.000265569907419466
"lm",2794.38148351027,0.12800482552113,36.6359075763887,1.52841763415203,55.9949671829164,"anova",0.094489707109142,0.197069071951477,0.117287013174789,"tweedie",3983.95369624992,0.129614423450756,0.0929691367117809,1.52196042254421,0.141495346593433,0,1.5,"quantile_regression",2828.05550308143,0.17419977508907,78.382002327253,-10.8726651800195,142.031909830501,57.4760312139708,"wilcoxon",0.0939453996694242
"lm",2822.88322218463,0.0628048317241189,39.3416277068436,1.87111089498518,73.6125482287258,"anova",0.0188046298190542,0.319020534911272,0.134671795379646,"tweedie",4431.47850124354,0.0664734421659493,0.104079596461048,1.8453948687682,0.192067953252684,0,1.5,"quantile_regression",2858.33766480141,0.0042007381195015,200.303402158761,122.066023523805,256.519379765431,69.1589478171412,"wilcoxon",0.028135998274669
"lm",2823.67542051488,0.0842646169184715,39.4196208433375,1.73518154982028,68.4001987882703,"anova",0.0959309962673687,0.205088749051002,0.122596516568637,"tweedie",4193.33724741206,0.0857310905614694,0.0917225823589366,1.72697843817906,0.158402922027986,0,1.5,"quantile_regression",2884.16899226869,0.561576423481884,45.694162178509,-54.898417045483,251.353710546041,78.5821244102075,"wilcoxon",0.0825589184049547
"lm",2825.67027125847,0.828069227804556,39.6167025204039,0.217465880145216,8.61528108205082,"anova",0.719767711300714,0.0451871550819573,0.12577105175996,"tweedie",4183.17261360665,0.8280451147502,0.0904493542065261,0.21749686730807,0.0196724511899574,0,1.5,"quantile_regression",2874.84763683267,0.845687064912176,-12.905313501697,-77.5712530979791,112.263794712088,66.2220000987953,"wilcoxon",0.907604219449162
"lm",2797.25438453422,0.00231577255314687,36.8999831107656,3.08644923628056,113.889924690988,"anova",0.000367558959457024,0.455072571688432,0.125541079840417,"tweedie",4137.95542169871,0.00275478861494025,0.0957956585282203,3.03195450695082,0.290448078620959,0,1.5,"quantile_regression",2837.65967403707,0.0159203014975717,153.199316489987,84.4888713308574,221.702472683984,63.0024150294445,"wilcoxon",0.0012110337842185
"lm",2816.63217188907,0.133450260630892,38.7315906042032,1.50682122654141,58.3615828601254,"anova",0.0677457032831739,0.252412771389504,0.137423453970223,"tweedie",4307.05621443497,0.135319476432684,0.0995836168318655,1.49956658229434,0.14933226394507,0,1.5,"quantile_regression",2855.37540749816,0.0453747860579012,127.164836540175,52.3124020413427,193.270845110837,63.1439649042524,"wilcoxon",0.115876183420444
"lm",2783.19909455895,2.83309671713656e-05,35.6258988235535,4.28646995664702,152.709344985709,"anova",5.85442233489971e-05,0.458581222174147,0.111649919467207,"tweedie",3848.44488411681,3.6439658285418e-05,0.0852495085087703,4.22498520442257,0.360177912133851,0,1.5,"quantile_regression",2828.29758695606,0.000236736414047645,212.222642020703,97.9193423959664,300.195641032524,56.6729781499046,"wilcoxon",4.51836098444079e-05
"lm",2822.74184098548,0.0357008847363532,39.3277247477557,2.1147641688193,83.1688631377418,"anova",0.0131964348836809,0.365743530637892,0.14624082917192,"tweedie",4363.1781929489,0.0368926248189816,0.0929574644623917,2.10115527835468,0.195318067117622,0,1.5,"quantile_regression",2878.55048015106,0.288612729670226,75.020558747377,-34.5678933218764,238.277834492408,70.5063075060065,"wilcoxon",0.0264310699527885
"lm",2821.14157760592,0.220584059024798,39.1707022595713,1.22885662021573,48.1351767901736,"anova",0.123870580881355,0.200374940362423,0.129667366913402,"tweedie",4254.1979123846,0.223222820553466,0.0960559883556135,1.22183465103504,0.117364535012307,0,1.5,"quantile_regression",2862.47819880546,0.157802407088627,82.119229198919,-27.1233653446972,171.81879275139,57.917576906218,"wilcoxon",0.176242354083255
"lm",2808.94070341643,0.00195196998605817,37.9939482532036,3.13938962029724,119.277806780218,"anova",0.00197009498354458,0.359871287990432,0.114734970003342,"tweedie",4014.69760555216,0.00215777987328412,0.0886058941472447,3.10842196812907,0.275424507873015,0,1.5,"quantile_regression",2862.02839933733,0.0468813991098449,133.235952341936,57.9029605537093,301.336201088195,66.622414798801,"wilcoxon",0.00203703816939645
"lm",2761.89902059493,0.000220999429814342,33.7784384581613,3.76315658434834,127.113553092835,"anova",5.31861469148008e-05,0.476435173249539,0.115322249476604,"tweedie",3807.89031686519,0.000271172180077892,0.0890915423406455,3.70802166251318,0.330353368945823,0,1.5,"quantile_regression",2800.76184887726,0.0145398063828224,133.802302997829,52.0301299913842,242.268757801735,54.2735107767115,"wilcoxon",0.000137341047042236
"lm",2817.28299766013,0.0358728311539609,38.7946606931362,2.11277678701406,81.9644585725449,"anova",0.0214678324995278,0.300671181610189,0.129708513212652,"tweedie",4217.37650975297,0.0372614188072872,0.0913418712998782,2.09702035536374,0.19154576341286,0,1.5,"quantile_regression",2868.4749360544,0.143206446216972,98.875671792036,16.066517507222,220.123248914589,67.2720785606895,"wilcoxon",0.0293851084748882
"lm",2793.85785935488,0.00100346657647343,36.5879803376538,3.33932448240285,122.179138503201,"anova",1.81112270310506e-05,0.593256538221815,0.135009656592944,"tweedie",4202.11338258099,0.00136652148351818,0.102297212089838,3.2477048175882,0.332231148530009,0,1.5,"quantile_regression",2821.32383041886,0.00320998451524712,170.941007024647,83.0663727421558,240.824548322365,57.298881567231,"wilcoxon",9.39308151861466e-05
"lm",2794.16269919582,0.0158489561480409,36.6158746506919,2.43331843682182,89.0980828678851,"anova",0.0106470683809739,0.307396240238156,0.119212644848328,"tweedie",3991.89700755496,0.0168625286753885,0.0886470508662716,2.41010389026678,0.213648602153479,0,1.5,"quantile_regression",2829.43534142412,0.00758629962779822,142.399671568019,66.0984239192563,200.68545724641,52.7872281002398,"wilcoxon",0.0101210246548338
"lm",2810.22428881002,0.0578203072874655,38.1160652755016,1.90813673304925,72.7306642714875,"anova",0.0420285605114115,0.266202544311427,0.130076893208452,"tweedie",4206.56757449351,0.0595911080600102,0.0903375485533207,1.89468789439345,0.171161459653157,0,1.5,"quantile_regression",2864.16899769,0.0209712466289749,164.930785403694,-3.14532544901562,215.578477320544,70.8742024940664,"wilcoxon",0.0516356133532152
"lm",2800.14243897837,1.21661360425173e-05,37.16737013507,4.48834536081335,166.819993319374,"anova",0.000404864984682269,0.490257022063658,0.136252145104304,"tweedie",4177.48556586055,1.65896220114543e-05,0.0928910438784681,4.41507498362633,0.41012092403076,0,1.5,"quantile_regression",2840.1247633125,0.000358114888156624,233.595792178886,147.442447474942,334.78795181678,64.3149334521106,"wilcoxon",2.20605710482783e-05
"lm",2815.17800340257,0.000827329683415827,38.5910405920249,3.39562403773252,131.040665075391,"anova",0.000288902491991189,0.460090217526215,0.124657756106909,"tweedie",4269.80702837703,0.000988541708504132,0.102189427143821,3.3437213796107,0.341692972310965,0,1.5,"quantile_regression",2854.76119344695,0.0122801672348118,171.693509532278,108.634168731383,286.068776014704,67.9389050601476,"wilcoxon",0.00048676159936398
"lm",2813.01177750546,0.239950554385062,38.3826131986323,1.17865380120652,45.2398129468073,"anova",0.0982146530687403,0.214725250619279,0.129243171398871,"tweedie",4243.15381156766,0.240722616180089,0.0986862590663277,1.1767133797383,0.116125441439668,0,1.5,"quantile_regression",2855.63841562072,0.414873413747802,53.511048953356,-53.4609278579995,134.423804797317,65.4918034654129,"wilcoxon",0.206945058452543
"lm",2790.84077718879,0.0139338512018343,36.313046157465,2.48102765576088,90.0936717815919,"anova",0.0110686523659678,0.336611802904663,0.131250633630891,"tweedie",4124.5406848288,0.0151535809416844,0.094409702262527,2.4500183609039,0.231305503990662,0,1.5,"quantile_regression",2827.18186779111,0.018522487608605,128.345083243442,71.2548747235134,209.046395396601,54.0486020831799,"wilcoxon",0.00840889804854357
"lm",2799.50556875286,0.253104567523944,37.1082402416485,1.14617861106671,42.5326712593024,"anova",0.22353915839056,0.162879333488331,0.13339864887126,"tweedie",4068.07613756898,0.254662534773071,0.08855950347692,1.14241160057067,0.101171404112812,0,1.5,"quantile_regression",2851.24030491348,0.434644344862086,52.068923507212,-82.1776806939716,199.338975265476,66.5111116612956,"wilcoxon",0.232636246320353
"lm",2792.61273541419,0.000119442373480953,36.4742659893963,3.92540936832293,143.176425417478,"anova",6.59590062680878e-06,0.577701797342851,0.12476084936063,"tweedie",4124.63377899977,0.000193099879851272,0.0970850062467163,3.7991905853751,0.368844441713607,0,1.5,"quantile_regression",2837.08678295145,0.000287851203086609,233.923063616561,131.666168448557,352.518814959663,63.3625594939066,"wilcoxon",5.01763876056227e-05
"lm",2813.25353524883,0.000539786062702022,38.4058184453644,3.51771934483432,135.100890499453,"anova",0.000934881919243758,0.379066793480847,0.11281553280813,"tweedie",3959.70500956603,0.000636181949882341,0.0866483297532829,3.47112862901585,0.300767498063026,0,1.5,"quantile_regression",2863.78460618516,0.000344449425857762,252.606379698133,118.821383821781,365.272341337633,69.3447594318927,"wilcoxon",0.000547902366433053
"lm",2804.6520746563,0.0345051529089025,37.5887693638664,2.12881685739973,80.0196058707092,"anova",0.0140548926782182,0.287276678860918,0.115938122695735,"tweedie",4023.78852926802,0.036022123036022,0.0943402620505213,2.11105787722129,0.199157753340873,0,1.5,"quantile_regression",2843.8443460533,0.0979914525226482,109.988697065347,26.6447768894667,195.587371867773,66.1579539969813,"wilcoxon",0.0222665292019377
"lm",2834.04589118913,0.00638545438890853,40.4549844135417,2.75665060147852,111.520257116394,"anova",0.00920336393482909,0.359390937481661,0.136638209906085,"tweedie",4341.66284855121,0.00714974171644799,0.0903000989127178,2.71802953331892,0.245438335706386,0,1.5,"quantile_regression",2885.63380986656,0.0139282349969281,187.296060530241,78.2783218551027,259.493191916992,75.4868117774293,"wilcoxon",0.0065624235749749
"lm",2804.14540530464,0.0149565197181537,37.5411868124957,2.45487451684658,92.1589028381727,"anova",0.00103026974594552,0.385651202348912,0.115756277843215,"tweedie",4024.4447462839,0.0166839910792062,0.0905041110266778,2.41410180398147,0.218486137697242,0,1.5,"quantile_regression",2853.54447013812,0.0581491792151416,127.745515609516,25.7645189514771,251.688721644914,67.0364350119174,"wilcoxon",0.00776612201099256
"lm",2780.59439517817,0.00576892696268979,35.3946656153613,2.79099125840484,98.7862023266356,"anova",0.00287241078197907,0.354001326463988,0.117268786135227,"tweedie",3923.92092673215,0.00617688730429689,0.0902980437583497,2.7679174473169,0.249937530777321,0,1.5,"quantile_regression",2819.63966984829,0.043567873891083,113.496199899762,24.7193397158241,199.142869671918,55.8754931582948,"wilcoxon",0.00540586342367287
"lm",2800.95638410384,0.00199273015399903,37.2430776355049,3.13302421396849,116.683464034745,"anova",0.00839437637531111,0.317059756875188,0.119084322708394,"tweedie",4095.30787241885,0.00200199133473131,0.0993333801518763,3.1315947201895,0.311071888822192,0,1.5,"quantile_regression",2836.16763817825,0.0858385004000444,110.890175640401,35.3162469038606,212.455147092719,64.2326947951207,"wilcoxon",0.00257895637093163
"lm",2787.4763889869,0.0061241634868817,36.0088990764189,2.77082021176596,99.7741853643823,"anova",0.000548558972854387,0.431774934180682,0.12290184454774,"tweedie",4048.62598365018,0.00695222427252301,0.093788097272713,2.72763833526651,0.255820009512756,0,1.5,"quantile_regression",2822.93862096921,0.0507355031911929,108.354237154256,63.9708598495646,197.010085683279,55.123474807944,"wilcoxon",0.00277220100136815
"lm",2797.47479645009,2.91598644317561e-05,36.920321703769,4.27945896430224,157.999001680117,"anova",8.25088106628118e-06,0.57233207152202,0.124994045859627,"tweedie",4161.83810824945,4.11844799906507e-05,0.100345684255115,4.19484274706809,0.420934365797152,0,1.5,"quantile_regression",2831.3398817924,0.00852704236729163,149.142557301903,88.0362189773295,280.531716705254,56.1317951660592,"wilcoxon",2.02159816486838e-05
"lm",2815.24926894559,0.0272116517545148,38.5979167332057,2.22497496271543,85.8793983443576,"anova",0.000576527408102486,0.470556227525506,0.134479045662868,"tweedie",4383.38983746853,0.0308379787163283,0.102576925030726,2.17470023694088,0.223074063168985,0,1.5,"quantile_regression",2853.24323439281,0.0100993640361435,155.807951387758,91.4745486945095,234.13035598483,59.9866981155209,"wilcoxon",0.00528501049686728
"lm",2800.90443646016,6.45313667397422e-05,37.2382412242463,4.08283445729124,152.037574399276,"anova",7.87401856615551e-06,0.617861828991904,0.134619656810195,"tweedie",4192.58017295656,0.0001056720644658,0.0953408653437467,3.95710545637353,0.377273858467114,0,1.5,"quantile_regression",2842.60331032745,5.74537778508244e-05,246.907050737565,131.789953399604,352.96798735963,60.0450839979519,"wilcoxon",3.93946124898401e-05
"lm",2796.38201688678,0.0129346561861024,36.8195949240535,2.50828499420986,92.3540374408889,"anova",0.00915335254651257,0.305884333174457,0.116210596218303,"tweedie",3956.83778197242,0.0138707068738395,0.0863949066925116,2.48269782582607,0.214492447007945,0,1.5,"quantile_regression",2847.41010196106,0.0298716285072331,151.726505489825,58.3277665617986,244.509456367374,69.3583283616978,"wilcoxon",0.0103373229143232
"lm",2807.59672716552,0.0324717219895615,37.8665050635463,2.15370760667179,81.5533799934354,"anova",0.00947456703187024,0.303824223861815,0.115963540036211,"tweedie",4049.55975232983,0.0337679444766127,0.0930303475538462,2.13769108707531,0.198870144793375,0,1.5,"quantile_regression",2852.22789842979,0.11502260617304,105.217152685477,29.7733405880836,184.308263344243,66.4678847564627,"wilcoxon",0.0156175186830487
"lm",2800.1581496962,0.0183254790224464,37.1688299789006,2.37868408148335,88.4129041981718,"anova",0.00632305512272748,0.348457284175249,0.12625327945675,"tweedie",4079.60977198328,0.019561098772263,0.0879858473545698,2.35382597630668,0.207103373050541,0,1.5,"quantile_regression",2851.83819900743,0.0160890905151156,157.465869275186,46.4918227819663,292.126344410714,64.8621047453609,"wilcoxon",0.0139219516473281
"lm",2805.85796346536,0.50254942820874,37.7022600401372,0.671712943099136,25.3250960530495,"anova",0.293434784011664,0.131127976001773,0.124478970881358,"tweedie",4104.43565752649,0.503650895133524,0.0904434413977852,0.669980393023711,0.0605953324141051,0,1.5,"quantile_regression",2862.03270326113,0.256351614889482,82.097520987739,-37.4956096582117,199.175618139395,72.1200208140829,"wilcoxon",0.465786626527973
"lm",2821.53365969735,0.0216767733745104,39.2091164105333,2.31430427512214,90.7418257326589,"anova",0.00538945698928996,0.37155867393552,0.132047526471539,"tweedie",4264.80165508159,0.0234007037823589,0.0924319875886698,2.28452948748916,0.211163601233548,0,1.5,"quantile_regression",2874.97170625539,0.0744835456748278,133.285081245856,47.4643816767088,275.156094706478,74.3322917584575,"wilcoxon",0.0155129672162718
"lm",2809.89784992489,0.0909005218475547,38.0849715503436,1.69894320790994,64.7042037388997,"anova",0.022613178582022,0.290698839822356,0.126507175937891,"tweedie",4096.45633471487,0.0940336633398816,0.0896865261734457,1.68257485191528,0.150904293495081,0,1.5,"quantile_regression",2851.58546672804,0.0677675976291607,105.134537773438,40.5427287147999,211.227236172628,57.2439818123554,"wilcoxon",0.0610880539973432
"lm",2803.03912842238,0.285906704926185,37.4375028897362,1.07003393681277,40.0593986015439,"anova",0.0946080303022138,0.211644923248514,0.126007458915254,"tweedie",4049.83670359861,0.286903160816659,0.0924688044413164,1.06781719284001,0.0987397791837981,0,1.5,"quantile_regression",2837.99212300144,0.791482886584467,15.691646484296,-57.5652042728959,89.9453838204336,59.2712557279662,"wilcoxon",0.279608343680923
"lm",2804.65099810065,0.00640281317875687,37.5886681979972,2.75572798384408,103.584144828651,"anova",0.00140347509299173,0.41002514352992,0.126562865143517,"tweedie",4160.71179980568,0.00679076609874705,0.0969019140631876,2.7356782434174,0.265092458048165,0,1.5,"quantile_regression",2844.87783178909,0.0451717403756935,113.141340914647,-26.6499873190878,219.701162113176,56.1270676643724,"wilcoxon",0.00544669879212216
"lm",2811.28788204714,0.017545273039253,38.2175501120723,2.39515282604497,91.536873155445,"anova",0.00518887935317518,0.352043867831459,0.124551500793553,"tweedie",4163.09490555195,0.0186216203455443,0.0950209412206827,2.3725947117063,0.225446182641547,0,1.5,"quantile_regression",2858.86451546541,0.0256375482479902,157.016352921786,45.3540477643832,264.047209433634,69.8274807186471,"wilcoxon",0.0107822978294745
"lm",2817.53453295486,0.0304382294438381,38.8190639312057,2.179982940082,84.6248971199808,"anova",0.00346743270161777,0.426788689808729,0.14425570843411,"tweedie",4353.99090161156,0.0319988659374252,0.0955656513176313,2.15968790518251,0.206391981301577,0,1.5,"quantile_regression",2874.85151848189,0.729470075780569,25.767745949069,-63.2399900194389,220.432804992654,74.4044688144864,"wilcoxon",0.0241945167375841
"lm",2816.09414077451,0.821689617955342,38.6795286236057,0.225671595137303,8.72887092364806,"anova",0.350563042604059,0.111838899014868,0.119523208506983,"tweedie",4115.53239850953,0.821817641559232,0.0934840268833826,0.225506777589236,0.0210812816585371,0,1.5,"quantile_regression",2855.07887086962,0.97584986865065,1.81215290051705,-94.1672145371616,65.6042010560851,59.7860996679602,"wilcoxon",0.620751011523973
"lm",2798.07251284392,0.00146440419182933,36.9755326479732,3.22690789575694,119.316638251564,"anova",0.00041014282530045,0.45694812555742,0.127121873102412,"tweedie",4099.32600418385,0.00174682665531199,0.0935292796477305,3.17342257565796,0.296807927519134,0,1.5,"quantile_regression",2839.51098187731,0.00659713157408337,169.41793249222,92.1983636979948,264.456259048593,61.706330644347,"wilcoxon",0.00129664413232984
"lm",2818.42350625639,0.14654655300878,38.9054326485737,1.45755823158659,56.7069336103663,"anova",0.023623881930879,0.286644655998656,0.125676338963016,"tweedie",4166.94283827332,0.149544800084716,0.0904635094210589,1.44676215507691,0.130879181845832,0,1.5,"quantile_regression",2868.02288276815,0.296505169312002,68.189842045316,-9.13775985924453,211.659218572247,65.1462570548268,"wilcoxon",0.0911038520879233
"lm",2803.32186271187,0.0894054667731235,37.4639744085917,1.70691532602437,63.9478320918099,"anova",0.11431811422512,0.194761575787218,0.122794710201007,"tweedie",4150.86770538122,0.0906217205540004,0.0956232471928968,1.70042176156436,0.16259985043825,0,1.5,"quantile_regression",2853.90544114133,0.585280238371152,39.736350788373,-1.22317131672621,198.540785559445,72.6994902039125,"wilcoxon",0.0892481781985613
"lm",2793.56754727531,0.00540508993439784,36.5614351401605,2.81285616917834,102.842058388014,"anova",0.0248742761645252,0.287125197982226,0.127014901690684,"tweedie",4064.05642073068,0.00546877434531617,0.090087955994214,2.80893426272878,0.25305114625135,0,1.5,"quantile_regression",2836.68107361212,0.0207648882581386,135.484663651288,30.7303632907597,234.114650243271,58.1253836131938,"wilcoxon",0.00990876557052442
"lm",2789.36059003578,0.0958830426749725,36.1789192157173,1.67311904728858,60.5316388501312,"anova",0.0848145591970587,0.22019089346115,0.127124265357677,"tweedie",4042.83234584803,0.096671290889757,0.0917990487316296,1.66913344131151,0.153224862118548,0,1.5,"quantile_regression",2825.30302631458,0.193428661649154,77.369683515437,-6.62972021302888,140.930066830296,59.2899520281363,"wilcoxon",0.107089306317542
"lm",2785.55003554542,0.00242014939069534,35.8359013126735,3.07268001834984,110.112257903009,"anova",0.000708403979630128,0.445386965781553,0.129458727808671,"tweedie",4033.36069045661,0.0029416098060287,0.0894413991180687,3.01116096222631,0.269322449431231,0,1.5,"quantile_regression",2830.49568432345,0.00502860335680588,170.386199757261,46.4855402546216,279.99056641924,60.0598772361796,"wilcoxon",0.00158811894833343
"lm",2803.61865951913,0.0161944181339255,37.4917826940583,2.42526209078113,90.9273992837037,"anova",0.00394849792913847,0.343848049487895,0.11789790263305,"tweedie",4022.06088087342,0.0175407700171941,0.089993508053914,2.39524973845119,0.215556926628442,0,1.5,"quantile_regression",2845.59168207403,0.0744390550095642,121.138126136249,52.8068752775056,221.39677088625,67.5475591869481,"wilcoxon",0.0124767606455874
"lm",2791.00704655775,0.145364340887266,36.3281436632377,1.4618619418782,53.1067306403708,"anova",0.00404397250800962,0.367666326699019,0.126402129760853,"tweedie",4092.28055759834,0.15201149971541,0.0958187159195253,1.43800417429697,0.137787713468052,0,1.5,"quantile_regression",2820.05858138526,0.018816388345041,125.403355797922,43.0514659391654,213.258437985251,52.9432743260155,"wilcoxon",0.0301200841693241
"lm",2792.96487237532,0.0251293863032001,36.506389970335,2.25654045108769,82.378145691243,"anova",0.0363341133786374,0.259012747888436,0.122901326949062,"tweedie",4031.86924924023,0.0254653642529918,0.0899588054750372,2.25129667371899,0.202523959537685,0,1.5,"quantile_regression",2842.215085698,0.25238010666022,72.612739985637,-10.1841679686452,192.847170982227,63.2550514947455,"wilcoxon",0.0241945167375841
"lm",2831.7200301541,0.468325277244461,40.2204353053764,0.726606329698303,29.2244228761076,"anova",0.216031436801501,0.167883459284469,0.135268181733984,"tweedie",4405.47723878032,0.469140040432041,0.0962082398258031,0.725274345245333,0.0697773681468653,0,1.5,"quantile_regression",2890.9049525975,0.935944188056883,6.12904799445698,-90.8112064203052,185.287895194893,76.1649780091886,"wilcoxon",0.333863919800037
"lm",2787.02639291497,0.0542696014463045,35.9684121965125,1.93617801884668,69.6412490677044,"anova",0.0987453434686581,0.202500133938102,0.122078478668396,"tweedie",3966.24545098884,0.054283893406475,0.0880147331242934,1.93606210028608,0.170401989068738,0,1.5,"quantile_regression",2835.63069894227,0.145902547781908,83.993672272556,-26.8134800789509,192.940840662159,57.5338797573774,"wilcoxon",0.0584370812213793
"lm",2802.62766372889,0.0123589483407847,37.3990121634705,2.52485438693567,94.4270599279989,"anova",0.00487999818218523,0.377654676427434,0.132654737563123,"tweedie",4255.07258624652,0.0128858366230477,0.101541290403467,2.50966426860743,0.254834548313871,0,1.5,"quantile_regression",2842.70365206782,0.164954489036476,98.059749687562,13.1236554374786,166.138485988757,70.3566124403716,"wilcoxon",0.00834855745310074
"lm",2801.97604286385,0.00322557675016818,37.3381368198444,2.98177100596286,111.333773786086,"anova",0.000929555779489108,0.384573911941958,0.114397703240342,"tweedie",3961.95006044353,0.00385375208712827,0.0858725719877703,2.92438912099404,0.251124815312813,0,1.5,"quantile_regression",2852.18366400304,0.00101633042417371,236.968178713086,147.127643989972,307.663252391699,71.0424976742501,"wilcoxon",0.00398263600677631
"lm",2792.4043319304,0.0238372292654706,36.4552675287553,2.27729544784239,83.0194147931107,"anova",0.00339334472998898,0.335823231716264,0.11324315405565,"tweedie",3949.2708388151,0.0254511406752476,0.0937830334041295,2.2515174419239,0.211154135465929,0,1.5,"quantile_regression",2831.11405988866,0.0533627826595671,118.530064834908,57.1831497802041,212.191400807414,60.9852419986659,"wilcoxon",0.0115618505080458
"lm",2806.14410134494,0.0879809019662072,37.7292398007593,1.71461285453811,64.6910395543326,"anova",0.042503206231685,0.262710967680476,0.128669911059258,"tweedie",4122.14927717363,0.0901292725503296,0.0935624795119158,1.70304236980544,0.159340866832846,0,1.5,"quantile_regression",2851.08766059062,0.25361066902586,79.708573118763,-4.28498100223261,193.898393227564,69.6173241730044,"wilcoxon",0.0493325397727659
"lm",2809.55952745293,0.00413503020183656,38.0527726649728,2.90143249989483,110.407551321262,"anova",0.00177227043679535,0.390148239934538,0.123113748424286,"tweedie",4126.32954783314,0.00472863614873964,0.0932748718764617,2.85733283732079,0.266517354309503,0,1.5,"quantile_regression",2856.98884171831,0.00126396459861478,217.452250886573,73.8772229962141,302.486676505913,66.4780939705121,"wilcoxon",0.00281690177412831
"lm",2793.50142808525,0.0142551706106786,36.5553921084276,2.47263161663342,90.3880182857299,"anova",0.000501292613588327,0.420949384010736,0.118961185653622,"tweedie",3976.63583574334,0.0162607346961421,0.0899154552343993,2.42373299440531,0.217931055558587,0,1.5,"quantile_regression",2828.32632718665,0.0130956029421694,150.359309880243,75.1674117177859,211.029627630272,60.0531523217758,"wilcoxon",0.0062309462600525
"lm",2788.64739467328,0.000188709125367673,36.1144700952966,3.80530620991709,137.426617321497,"anova",6.29053670568063e-05,0.490099955387212,0.119850497256359,"tweedie",4038.26203145553,0.000247908176059191,0.0944601191312274,3.73226946687514,0.352550618470869,0,1.5,"quantile_regression",2825.33399648841,0.00498715072241462,149.808241552064,89.3473513452062,260.547491985433,52.7551392455794,"wilcoxon",0.000119516487242342
"lm",2810.78351903688,0.00101277038059911,38.1693916835675,3.33661432539702,127.356539083082,"anova",7.44347395012984e-05,0.471809182194382,0.116589931781459,"tweedie",4048.16636079393,0.00125894980654011,0.0893636765920842,3.2722216656873,0.292417758670091,0,1.5,"quantile_regression",2862.36767159251,0.0172249246922829,161.531339303722,55.6310379310276,263.737923081552,67.2458086810654,"wilcoxon",0.000589007295055737
"lm",2809.24574045696,0.96884621379826,38.0229332074874,0.0391048258918672,1.48688018297689,"anova",0.539323847437645,0.082665559367514,0.134436430481084,"tweedie",4160.0418616449,0.9688485382985,0.0893305741368704,0.0391019066398234,0.00349299576998173,0,1.5,"quantile_regression",2855.52978835268,0.6482633169868,-27.883641580225,-118.2575934357,85.3519419848046,61.0315233030331,"wilcoxon",0.895995777646698
"lm",2791.71347911888,0.223012529881447,36.3923588100576,1.22239204940536,44.4857300685214,"anova",0.0110554084280913,0.333790886531422,0.130128915514151,"tweedie",4049.06783242855,0.227519382141425,0.0878376676128094,1.21052804023369,0.106329959634033,0,1.5,"quantile_regression",2837.45212172429,0.187935797614835,82.308632790726,-6.6161286378247,173.264119744552,62.2950393345224,"wilcoxon",0.146336320308704
"lm",2817.90503594787,0.00392717462047017,38.8550370372433,2.91825248477579,113.388808379991,"anova",0.000150493961438292,0.50667911125889,0.131091489104739,"tweedie",4314.47154342365,0.00485042114990802,0.0963210494481877,2.84891463897122,0.274410447814013,0,1.5,"quantile_regression",2871.55294716872,0.00332891766450616,208.949606019851,68.2352035675021,335.141290065646,70.314034421655,"wilcoxon",0.00192294467813768
"lm",2788.43225211835,0.00941324931914383,36.0950509197125,2.62228969517553,94.651680073598,"anova",0.00160348252199199,0.386188679053371,0.12070371565794,"tweedie",3928.61864681998,0.0101913916564217,0.0849130637058062,2.59414963709105,0.220277193396706,0,1.5,"quantile_regression",2833.64429859344,0.059511034395404,111.626850506788,9.22741470341881,194.771416294623,58.8970146268895,"wilcoxon",0.00929558489996288
"lm",2791.54240177317,0.00587447433209149,36.3767973676843,2.78488290347248,101.305121072347,"anova",0.00533314872359545,0.366470286815445,0.130076816731843,"tweedie",4105.30309935674,0.00665262546093566,0.0908847296352913,2.7426956379501,0.249269151526987,0,1.5,"quantile_regression",2827.1815569722,0.02981281735644,125.203641825556,82.2313852720484,191.627192584349,57.2132084854819,"wilcoxon",0.00482562642393147
"lm",2797.90411966306,0.00214212412519075,36.9599698551472,3.11067953131638,114.970621706477,"anova",0.0105536275064694,0.310643911041541,0.120325211997996,"tweedie",4039.78562276129,0.0020800297332587,0.0923455138923515,3.11978634533015,0.288098273293854,0,1.5,"quantile_regression",2846.18449122012,0.121734111275012,102.965077402924,43.3742201462749,199.312042115884,66.2496502737159,"wilcoxon",0.00338041434503075
"lm",2812.80718525825,0.138178450693199,38.36298625574,1.48861998505147,57.1079080265492,"anova",0.0475705467336513,0.255821471108089,0.128322619174182,"tweedie",4157.93610097714,0.140616571916436,0.093641477622607,1.47942287758031,0.138535344285309,0,1.5,"quantile_regression",2861.62563237471,0.174405757552122,96.805298922236,-8.99240965534596,238.513557138472,71.0195942467286,"wilcoxon",0.117013288679162
"lm",2813.01961092176,0.0024370251559543,38.383364873462,3.0705054106146,117.856329521559,"anova",0.00411151112371295,0.342504224064585,0.117970808794524,"tweedie",4031.81707830243,0.00267675050525666,0.0854742397970041,3.04102698452057,0.259929469704072,0,1.5,"quantile_regression",2869.78485325722,0.00449123628813553,218.673424139396,93.3995865449407,326.718146577647,76.0781204924106,"wilcoxon",0.00264195810914744
"lm",2790.15676580977,0.00505505625544077,36.2510028785233,2.83519400599441,102.778626072475,"anova",0.0162571932620555,0.316510972416781,0.130583825998726,"tweedie",4024.06418883211,0.00529158502824754,0.0891732409533242,2.81995161744851,0.251464225059452,0,1.5,"quantile_regression",2832.93029546743,0.110400936690636,100.402226712386,48.786759641325,198.174472497161,62.6113552331788,"wilcoxon",0.00508900248277103
"lm",2801.5038573081,0.128945580032176,37.2940865026514,1.52463595046688,56.859905021764,"anova",0.315731481638683,0.125592629355996,0.124866352146119,"tweedie",4087.22007942963,0.129280331736237,0.0940212052415784,1.52329551238347,0.143222080013381,0,1.5,"quantile_regression",2836.34331411615,0.085531724920894,103.084992721783,36.0508228016488,163.35131160111,59.6526673191206,"wilcoxon",0.14498352237267
"lm",2811.93783963228,0.0456268378530611,38.2797000583859,2.01151455013332,77.0001736421827,"anova",0.0255794243865441,0.286204608557245,0.127228614106063,"tweedie",4181.9859617458,0.0478794542961639,0.0944825845733503,1.9907877243145,0.188094769530132,0,1.5,"quantile_regression",2849.13413665966,0.0145500801557099,133.223719380258,66.840386048336,206.251009455571,54.0445454939754,"wilcoxon",0.0207409227110621
"lm",2797.68008845782,0.00262559597410111,36.9392751845224,3.04710714713065,112.557929424584,"anova",0.00184148377875504,0.387493154000784,0.122729923386093,"tweedie",4049.28751234411,0.00287587758515587,0.0929266604969472,3.01833487666097,0.280483780349569,0,1.5,"quantile_regression",2834.30941561371,0.0082914769414526,153.248433208838,41.726012593554,247.147324625268,57.4656962838005,"wilcoxon",0.00264195810914744
"lm",2799.72980941394,0.00131669137159673,37.1290490146281,3.25882983205607,120.997252564742,"anova",0.00040816851373545,0.447566356962166,0.12446552896634,"tweedie",4093.80995469382,0.00167722866010988,0.0937697007875628,3.18581448846935,0.298732871348454,0,1.5,"quantile_regression",2841.3178950297,0.000443145265507816,233.726858937642,70.2665754532583,306.44715011192,65.4139722631632,"wilcoxon",0.000704662305683599
"lm",2816.6253204138,0.380788904547872,38.7309271885464,0.878404563251249,34.0214231813711,"anova",0.0586223671411054,0.247244067440134,0.129991406263452,"tweedie",4212.76754525608,0.383903117846017,0.0927191308648248,0.872664311214716,0.0809126764725795,0,1.5,"quantile_regression",2862.60236070515,0.219721967844277,78.501128570226,-62.0087934339911,189.514847532458,63.7617225407171,"wilcoxon",0.213166070595553
"lm",2785.30617307837,0.000261383965426166,35.8140603928185,3.71797465451004,133.155768815591,"anova",0.000796621422029471,0.459871182311077,0.134995243685143,"tweedie",4076.88726523821,0.000303600263284655,0.0922087539366638,3.67731248172809,0.339080401775888,0,1.5,"quantile_regression",2821.04369835169,0.0313159992887813,128.447710137147,52.2446877764523,193.638874313447,59.2345198388513,"wilcoxon",0.00032080906863982
"lm",2790.12197349279,0.0230852446741345,36.2478498746933,2.28983105685064,83.0014523871321,"anova",0.00123599898960358,0.370384158938326,0.113001105545223,"tweedie",3880.46756946606,0.0253132415704172,0.0859951943906639,2.25366340854341,0.193804222908817,0,1.5,"quantile_regression",2837.77872848637,0.00830803019024517,168.085545496207,64.047702910048,247.655993987661,63.0458045703981,"wilcoxon",0.0129134178985593
"lm",2808.06622474511,0.0204000703861043,37.9109767388082,2.33772423147454,88.6254089611795,"anova",0.00383576044917136,0.392144503606639,0.134024838160193,"tweedie",4197.90258060233,0.0215707125407016,0.0930316679619077,2.31620308764524,0.215480236582158,0,1.5,"quantile_regression",2861.40529558148,0.0645276301586515,130.764384280771,1.39785109592361,237.142064878617,70.3456704040657,"wilcoxon",0.0128250201321126
"lm",2815.74526275145,0.273157991296491,38.6458072378587,1.09887265758932,42.4668209041504,"anova",0.0503571838669681,0.245729418460271,0.124804019964662,"tweedie",4141.01818776467,0.275331362736925,0.0948830178547436,1.0938919612381,0.103791770489315,0,1.5,"quantile_regression",2858.48811546214,0.446232564828277,53.484075618384,-30.3842286316151,158.827963688667,70.075639195049,"wilcoxon",0.177024848986551
"lm",2789.19673552671,7.71806118396869e-06,36.1641020531317,4.59430525562161,166.148924127539,"anova",8.04529882266274e-07,0.640895473987141,0.125747805007896,"tweedie",4091.72008894469,1.69728207247859e-05,0.0985085028620435,4.40964425312493,0.434387453529551,0,1.5,"quantile_regression",2818.28512012108,9.18956126749748e-07,282.950215035137,156.711342443398,359.277942573502,55.8294345292032,"wilcoxon",2.93345993047855e-06
"lm",2784.47646127746,0.0788291221068804,35.7398490156299,1.76664108614076,63.1394856834793,"anova",0.0847279085777217,0.232986772810152,0.134474082976841,"tweedie",4014.90579007584,0.0787847772364795,0.0896310764506312,1.76690495195023,0.15836959282925,0,1.5,"quantile_regression",2834.19054460554,0.207347305496242,81.464774462137,-18.9186045073526,187.454853658553,64.397494028403,"wilcoxon",0.101360743844142
"lm",2793.13526307082,0.195317801316329,36.5219441559038,1.29939943780284,47.4565937036479,"anova",0.205284355919396,0.155567322535319,0.122415079739443,"tweedie",3994.37279990256,0.195607616234336,0.0883001785172429,1.29855334026606,0.114662491759655,0,1.5,"quantile_regression",2844.89867649248,0.610728614611408,36.3550752001379,-48.4954113533759,154.256337112242,71.3062793763425,"wilcoxon",0.214065691904374
"lm",2791.84536458008,0.000108070462753666,36.404359845966,3.95131256701806,143.845004553613,"anova",6.32349767025443e-07,0.631068932397887,0.122582915984739,"tweedie",4063.2735143821,0.000197324127141062,0.0947884259010552,3.79342990778687,0.359573249725102,0,1.5,"quantile_regression",2826.15388906947,9.43975852518708e-05,228.884107009107,130.705813510101,290.172007327805,57.4201142398553,"wilcoxon",2.20605710482783e-05
"lm",2808.12909186473,0.00597495351800779,37.9169355918398,2.7791597769391,105.377222261632,"anova",0.00187789451598516,0.382803540719115,0.121475600509211,"tweedie",4087.55510832497,0.00667666897288691,0.0931759529240308,2.74146482444436,0.255438597425314,0,1.5,"quantile_regression",2855.58284340629,0.0664600198098328,128.309859293579,65.4239143173303,240.421551484942,69.5262954544445,"wilcoxon",0.00330150461098125
"lm",2807.60371033133,0.0205338869576239,37.8671661395263,2.33521002999655,88.4277861765675,"anova",0.00331172974140253,0.363132127326409,0.122130025007209,"tweedie",4161.13032012724,0.0226173294767588,0.0967592130774601,2.29781274213129,0.222334552727984,0,1.5,"quantile_regression",2847.83801482612,0.0159128063184197,144.885463793458,61.3832882071379,241.806459881369,59.5790791593218,"wilcoxon",0.00949610876195903
"lm",2806.02549245648,0.0894329322248618,37.7180539012866,1.70676789980034,64.3759636416548,"anova",0.0391891909458366,0.259977929055465,0.125232599990311,"tweedie",4078.29820878858,0.0918442857353735,0.0885933919915162,1.69396530381895,0.15007413218126,0,1.5,"quantile_regression",2852.80131346693,0.186492641079602,79.144124395037,12.4216956527166,216.005537210458,59.7034265788573,"wilcoxon",0.0851841631436125
"lm",2798.08275049872,0.0231228898404512,36.9764790169325,2.2891950779786,84.6463737665407,"anova",0.0122821873805965,0.314041752416151,0.12426885953197,"tweedie",4078.93976426869,0.0244956626711711,0.0920753265537016,2.26660001951865,0.208697936963806,0,1.5,"quantile_regression",2838.28086575146,0.000719204848828259,204.805221543085,66.3822204834186,255.863227867807,59.6051219211717,"wilcoxon",0.0195612897362656
"lm",2818.29015058472,0.106289917541374,38.8924641602148,1.6224886152368,63.102580318454,"anova",0.083582717685485,0.227844982822634,0.131018006916652,"tweedie",4215.15700551997,0.10794419644455,0.0912032404333632,1.61481022902406,0.147275925571935,0,1.5,"quantile_regression",2873.97878058875,0.176877321181555,97.485242358483,-43.450636171889,219.396151749422,71.9307831220344,"wilcoxon",0.0968575845307373
"lm",2823.95616441723,0.00536406704942322,39.4472976002644,2.81540482080464,111.0601118315,"anova",0.008355448835334,0.371886394587503,0.139591639920326,"tweedie",4327.54780386455,0.00586233959453258,0.0921672795994646,2.7855800833458,0.256739338388432,0,1.5,"quantile_regression",2873.49985835382,0.0182373258116368,172.924893211966,96.5990795538656,259.22353516142,72.6418457187531,"wilcoxon",0.0062309462600525
"lm",2808.84885934535,0.0252134828082654,37.9852254574536,2.2552222043201,85.6651238877546,"anova",0.0024405649480144,0.392104858496946,0.127719329055842,"tweedie",4155.10328836047,0.0272148730457509,0.0905765726594395,2.22492778358986,0.201526333052333,0,1.5,"quantile_regression",2864.3508492003,0.214747082670787,93.078396696448,-31.3908803808635,192.85011071067,74.7853154366928,"wilcoxon",0.0116424918082436
"lm",2790.78165084464,0.10069503186633,36.3076789099958,1.64918668541068,59.8781406365311,"anova",0.0363168605944465,0.258977459863216,0.122873104827813,"tweedie",4029.32444812896,0.103123807329283,0.0921615779804778,1.63745455710352,0.150910395853984,0,1.5,"quantile_regression",2829.5955139912,0.254019090492146,63.144141627849,-11.7766232016153,195.087258958976,55.1975964427355,"wilcoxon",0.0624504452329506
"lm",2797.97715045293,0.000780457644851646,36.9667185106825,3.41249605518648,126.148781090893,"anova",0.000164652758168989,0.463357706710982,0.120621687633302,"tweedie",3986.53865621601,0.00104213154232571,0.0870293477469595,3.32821126061115,0.289652055175074,0,1.5,"quantile_regression",2839.74039787123,0.000763018671943172,196.947707659183,122.183623769622,279.175412391243,57.6036189384359,"wilcoxon",0.000538052161044753
"lm",2770.41514074864,0.0508764737443017,34.5053016718757,1.96445530231661,67.7841228273505,"anova",0.0116008627145963,0.308911486584658,0.121248415303221,"tweedie",3912.56078401973,0.0534564468955067,0.0922633388669789,1.94281598872814,0.179250689924209,0,1.5,"quantile_regression",2810.33783361047,0.189543639080045,73.525476532435,-4.29670293762123,171.644285842311,55.8511665377781,"wilcoxon",0.017376680318893
"lm",2795.98602693936,0.0100699326373474,36.7831624869826,2.59841210089888,95.5778145155053,"anova",0.000963361458639183,0.406733739748179,0.121366615507049,"tweedie",4015.7238633093,0.0114897767802062,0.089078129904925,2.55122461801339,0.227258317940039,0,1.5,"quantile_regression",2843.42391329226,0.0035230016272636,189.703643535921,46.2548896828816,296.25900752951,64.2315639644399,"wilcoxon",0.00613904801873396
"lm",2783.21667433014,0.986383136967727,35.6274645958352,-0.0170886045699173,-0.608823654306956,"anova",0.624143068490821,0.0584632670681479,0.119129191496045,"tweedie",3933.20131032723,0.986382272993187,0.0867511600977731,-0.0170896889286174,-0.00148255034026763,0,1.5,"quantile_regression",2824.79097592345,0.484656354586637,42.466960343672,-33.8497554748556,93.6741541333094,60.6542110929613,"wilcoxon",0.88248085710775
"lm",2794.53906680851,0.000561378252637479,36.6503434376402,3.50664090094122,128.519593331972,"anova",0.000574386676841801,0.469038951059226,0.134005076539423,"tweedie",4071.14403439965,0.000666981714090918,0.0914410277944018,3.45763417809513,0.31616962298207,0,1.5,"quantile_regression",2838.56787183395,0.00209692410198126,193.844501490295,85.5715661244182,283.518375605093,62.1837799742853,"wilcoxon",0.000578470145164077
"lm",2809.52927268687,0.356147956433626,38.0498945794809,0.924891947333487,35.19204109345,"anova",0.0883134259220355,0.201261530358227,0.117503910801652,"tweedie",4011.88469266636,0.358015110015993,0.0855626644414845,0.921299782017465,0.0788288640987732,0,1.5,"quantile_regression",2870.10559750482,0.889560641700753,10.701332373463,-113.015543503005,158.906930174632,76.9664046207452,"wilcoxon",0.275284702574202
"lm",2814.06901659539,0.00498484590279166,38.4841963842555,2.83984358123116,109.289098080668,"anova",0.00334488213129196,0.402761322496265,0.135604070265794,"tweedie",4185.15706277529,0.00550071592231544,0.0898507846678528,2.80698280717687,0.252209607774013,0,1.5,"quantile_regression",2861.97039297343,0.0052780895857476,191.159178005579,108.436053246125,262.127359404621,67.7676110080918,"wilcoxon",0.00574043050231793
"lm",2804.88005359067,0.23502117475685,37.6101990891535,1.19114863946996,44.7993374752397,"anova",0.50919315766751,0.0968169728657921,0.146405545707705,"tweedie",4437.30257891172,0.23532307079473,0.104392927911236,1.19037806465222,0.124267051490356,0,1.5,"quantile_regression",2843.91008918864,0.497684098020031,42.780169700097,-36.0828434975394,152.828425651056,62.9684813993797,"wilcoxon",0.272072069331232
"lm",2789.27365512603,0.0110082846974764,36.1710570424283,2.5666106650767,92.8370207721942,"anova",0.00103091391224509,0.426204186869481,0.127935637879596,"tweedie",3980.94345165792,0.012067719817917,0.0859049943081259,2.53350023991801,0.217640323689793,0,1.5,"quantile_regression",2839.29655887534,0.0253590632874579,138.478787183445,-17.253379496034,223.285833619356,61.4655610651922,"wilcoxon",0.00942884290318042
"lm",2811.96695520832,0.139989929585201,38.2824864985909,1.48177482320907,56.7260246634531,"anova",0.047680533716657,0.246222514056994,0.123569429544176,"tweedie",4105.73704205279,0.142319841987261,0.0890063981405203,1.47307084690139,0.131112730288498,0,1.5,"quantile_regression",2862.80403269431,0.599883379322125,35.216506419234,-41.7343254061664,170.208216867778,67.0262178008822,"wilcoxon",0.128257432699782
"lm",2818.60371598516,0.0818021946194648,38.92296444119,1.74922151435931,68.0848868031719,"anova",0.0663520907205696,0.231100252327264,0.125174382610942,"tweedie",4147.94991963446,0.0827331258892209,0.0885956167166531,1.74387357846191,0.15449955515971,0,1.5,"quantile_regression",2871.84917957035,0.231278096961362,88.275718883046,7.31776557939836,198.740685170914,73.5164224075494,"wilcoxon",0.0791610185195217
"lm",2799.0121541965,0.254110075691858,37.062494097475,1.14374553775527,42.390062242068,"anova",0.372043562233172,0.123520320944055,0.138060636314207,"tweedie",4209.35503597337,0.255998052212505,0.0931404801955459,1.13919528853101,0.106105196210282,0,1.5,"quantile_regression",2840.46493205487,0.224581144751652,68.146135039721,-32.7511157765323,176.156348961741,55.9380315743748,"wilcoxon",0.22788982712862
"lm",2800.88222173208,0.00316119687022452,37.2361731881652,2.98821959858868,111.269862497318,"anova",0.000153111035951883,0.481618714167014,0.124753888779108,"tweedie",4088.8519842435,0.00384560296791529,0.0910002708008162,2.925076806374,0.266182781493221,0,1.5,"quantile_regression",2849.91082628262,0.022976823026891,150.249313011076,83.615208257107,279.152691769579,65.5633035791013,"wilcoxon",0.00149741589977053
"lm",2814.72123568772,0.0783321949587667,38.5469978898542,1.76960494437594,68.2129580567348,"anova",0.0418850831964958,0.291741728851217,0.142455589961699,"tweedie",4368.98894252042,0.0801982877874489,0.0968291165986114,1.758553356759,0.170279168026497,0,1.5,"quantile_regression",2861.67267962238,0.148096382765685,95.89821721714,-32.5675469463291,195.220908330964,66.0475783081352,"wilcoxon",0.0555696793027803
"lm",2790.83592283978,0.50329280629139,36.3126054696399,0.670543426649949,24.3491789022,"anova",0.764877555360626,0.0358628377669081,0.119744896906268,"tweedie",3974.32110644937,0.502766775017108,0.0895442778428706,0.671370907901699,0.06011742311277,0,1.5,"quantile_regression",2834.04010567998,0.924030539068415,-5.50949677679199,-79.8794100999088,81.1963074963201,57.7034553548277,"wilcoxon",0.513365337846204
"lm",2805.75787738777,0.00186646489773228,37.6928275419543,3.15315232874952,118.851226941067,"anova",0.00141395012153937,0.410078711200632,0.126666773700109,"tweedie",4124.91261511971,0.00224047390611995,0.0917865933599648,3.0967427756891,0.284239469892584,0,1.5,"quantile_regression",2853.74058105739,0.0042072241947686,190.276221119671,108.276854812461,318.380865662646,65.7083102925801,"wilcoxon",0.00192294467813768
"lm",2801.52903406946,0.00731995883430431,37.2964339373167,2.70993955164899,101.071081462198,"anova",0.00420390790220819,0.382485881596424,0.132072525309395,"tweedie",4201.4958502696,0.00809592283191173,0.0952345842276295,2.67508734540406,0.254760831112149,0,1.5,"quantile_regression",2845.85730528267,0.00221874541937384,192.151174705474,90.6028737279595,302.56937608195,61.9887988435635,"wilcoxon",0.00680881387903694
"lm",2817.39379976932,0.0528200098062272,38.8054085072434,1.94807090686673,75.5956873420397,"anova",0.086611507352725,0.230156470468963,0.133648078460086,"tweedie",4236.98919007554,0.0542442162467114,0.0935585109317687,1.93638397522625,0.181165201314306,0,1.5,"quantile_regression",2864.9292055662,0.144598919773837,109.469016910136,43.9292479942509,219.522175077057,74.740081720577,"wilcoxon",0.0424344141373261
"lm",2814.61679865556,0.00567082690317772,38.5369348684563,2.79676034785479,107.778571367961,"anova",0.00387287678203705,0.40597827397012,0.138901392557475,"tweedie",4301.01687700441,0.00629720905045101,0.0929510950077633,2.76137629170755,0.256672950042693,0,1.5,"quantile_regression",2865.78738456472,0.0185816969209855,165.703739353454,78.9620470507718,314.518101973081,69.8167174281809,"wilcoxon",0.00516660328391746
"lm",2801.82170709562,0.0111422250946492,37.3237330737134,2.56227108236597,95.6335219407222,"anova",0.00477339875392876,0.380752676495746,0.133400093836187,"tweedie",4188.38632259525,0.0119321543594387,0.0931218675505951,2.53758856502645,0.236304986250298,0,1.5,"quantile_regression",2853.01194729941,0.209659215201671,86.147795872311,4.72479081892124,215.777504137249,68.4476785487462,"wilcoxon",0.00846962841867384
"lm",2803.30562349338,0.00938617906353251,37.4624534753007,2.62330576671271,98.2754702369627,"anova",0.00109837396642492,0.402567262660703,0.121521905393803,"tweedie",4149.36634141466,0.010611326339575,0.098793205000807,2.57975541929552,0.254862305990406,0,1.5,"quantile_regression",2841.30947774476,0.0948098001069024,97.224833084382,55.7750469571466,211.455925384431,57.9205924472698,"wilcoxon",0.0033276194585759
"lm",2805.05852569912,0.0228334719747366,37.6269837621966,2.29410800050902,86.3203644838781,"anova",0.00668473258011944,0.337262785336751,0.12304132495633,"tweedie",4072.02025850607,0.0239329370171664,0.0888419827199465,2.27572488507754,0.202179910915411,0,1.5,"quantile_regression",2858.7714909973,0.29261478112524,69.007691237557,-11.504532624099,198.044886342299,65.3970653492892,"wilcoxon",0.0174921830679478
"lm",2806.66553008915,0.0289754714304441,37.7784546466577,2.19984002672501,83.1065566795332,"anova",0.00189015518206634,0.399153861267206,0.126744413339656,"tweedie",4129.01149538096,0.0314933185848749,0.0926585382535011,2.16616668083593,0.200713838259696,0,1.5,"quantile_regression",2848.35491011273,0.0221848880703428,133.461302444029,43.350276649295,219.977129890453,57.8927714028364,"wilcoxon",0.0153057105651514
"lm",2809.29246242951,7.7358533481904e-05,38.0273747329831,4.03695851959297,153.51493440607,"anova",4.53700090718131e-05,0.496175895041844,0.118961554416628,"tweedie",4109.18102150905,0.000101606146348874,0.0963007286566469,3.96721772966312,0.382045958106127,0,1.5,"quantile_regression",2855.58998689822,0.020844053332473,165.954716024496,112.154652116049,360.047937694888,71.2424022640987,"wilcoxon",4.42433018416349e-05
"lm",2796.11198670331,0.105498184983972,36.794747307074,1.62619728275738,59.8355180905082,"anova",0.0280789301308779,0.264675726686012,0.119630439671162,"tweedie",4031.27958379736,0.108562372416394,0.0908590375731159,1.61196503674104,0.146461591839803,0,1.5,"quantile_regression",2844.50198696798,0.222081421306007,79.549005499225,19.8344325840106,229.826016292983,64.9451410846676,"wilcoxon",0.0674180991291196
"lm",2793.04089773806,0.0629900129985546,36.5133291586068,1.86978325542327,68.2720114605213,"anova",0.00408455839641921,0.347847921816806,0.119722792635465,"tweedie",4003.29391876358,0.0664176536006934,0.0925751146529946,1.84577699907748,0.170873017313458,0,1.5,"quantile_regression",2829.62214927462,0.105234123010756,93.43187780039,32.4446723992942,204.825614532357,57.4103659747247,"wilcoxon",0.0214227028347545
"lm",2793.24644649522,0.000569630922853257,36.5320971539369,3.50251200828591,127.954108969532,"anova",1.69032226999667e-05,0.497645792570898,0.112828942413751,"tweedie",3972.11453342084,0.000810595256463186,0.0947585009001988,3.40154272525851,0.322325089393473,0,1.5,"quantile_regression",2828.70273747459,0.000920459876572632,200.89045939112,113.570149075978,268.162118966002,59.7071091648348,"wilcoxon",9.58474714359738e-05
"lm",2799.53244169274,0.00207477449174949,37.1107333441663,3.12056857193612,115.806588155307,"anova",0.000659593214999333,0.451613330088978,0.130493260653986,"tweedie",4155.77593023432,0.00239907494537419,0.0936262201497281,3.07541538840486,0.287939518206655,0,1.5,"quantile_regression",2841.66883410049,0.0063452636253829,167.499985244623,115.161886796696,244.649350777134,60.7148973496225,"wilcoxon",0.00212230078162284
"lm",2799.46645559203,0.0428322403471877,37.1046118676257,2.03847190228421,75.6367087373162,"anova",0.00431676683867205,0.341928323459547,0.118422970070196,"tweedie",4063.81044638893,0.0453806727677015,0.0973152904677984,2.01383187328389,0.195976633701932,0,1.5,"quantile_regression",2826.71747668551,0.00517299083583778,155.607229123628,87.5141321365187,208.16100934264,55.0332158660832,"wilcoxon",0.0123910151091509
"lm",2808.18805182212,0.00224808318460233,37.9225249560321,3.09568817817021,117.396312192753,"anova",0.00146656382055423,0.411563071686516,0.12755855987626,"tweedie",4185.76833383211,0.0025031482492892,0.0990175315279361,3.06211646484288,0.303203213599793,0,1.5,"quantile_regression",2845.53913322597,0.00276187216488344,180.159885407809,94.1793924317914,285.31054011225,59.4362919874043,"wilcoxon",0.00221082471028133
"lm",2811.07917545955,0.0739388783280858,38.197614677171,1.79650293225346,68.6221267726253,"anova",0.0156999897228119,0.291138970949542,0.119473953991249,"tweedie",4033.72885976887,0.0759904263583147,0.090481587151489,1.78378339069266,0.161399552324336,0,1.5,"quantile_regression",2857.91522373632,0.149943653715295,94.923288335283,-16.6400375816121,190.501733819358,65.6754699554254,"wilcoxon",0.0447236917948568
"lm",2797.82508730278,6.57469320636387e-05,36.9526679923908,4.07813025196952,150.697793230755,"anova",7.59050828880742e-05,0.516537085150753,0.127799523350753,"tweedie",4068.44194778128,0.000100909603245721,0.0921894158871564,3.96898860484577,0.365898741143511,0,1.5,"quantile_regression",2828.7074504383,1.69984555298264e-06,273.288039833505,193.263331866907,319.744642430116,55.3826729722536,"wilcoxon",8.66201864554778e-05
"lm",2805.92928613557,0.835964794924059,37.7089832041596,0.207330549579488,7.8182242118021,"anova",0.25581052452773,0.150559551086319,0.13211078245129,"tweedie",4236.68518878132,0.836109336480878,0.0961549760755677,0.207145207922977,0.0199180425120023,0,1.5,"quantile_regression",2854.71217768647,0.976247072163615,-2.02747544082803,-103.939906237546,151.34595245939,68.0088629992579,"wilcoxon",0.615585633178653
"lm",2805.85210494408,0.368356903953058,37.7017078454491,0.901614885894972,33.9924210171202,"anova",0.0873623964099937,0.215112881982568,0.125212210443594,"tweedie",4067.44051678545,0.369636975264997,0.0868392398973405,0.899202651969851,0.0780860748107347,0,1.5,"quantile_regression",2857.36106488154,0.44146338607748,54.810417117386,-21.6577608196059,144.387955356373,71.06468694562,"wilcoxon",0.31940517848134
"lm",2779.1430787108,0.00868368058751538,35.2664761576676,2.65064109326957,93.4787709183252,"anova",0.000843242447188095,0.403714860005216,0.119086456578137,"tweedie",3956.65145147825,0.00970900781896105,0.0930327544664723,2.61135632732011,0.242941672024041,0,1.5,"quantile_regression",2813.639827237,0.0843042758697039,86.749867088288,2.7490673290998,197.114098307496,50.001128557938,"wilcoxon",0.00460976044843119
"lm",2806.36440717191,0.127746267725453,37.7500254526726,1.52946080826069,57.7371844407064,"anova",0.0367106855474579,0.287780961844548,0.136829512715299,"tweedie",4202.40355528093,0.130184385044967,0.0957151304942761,1.51968895581765,0.145457226716796,0,1.5,"quantile_regression",2843.98369175213,0.17367682180482,83.997653563356,22.2423273026561,176.200358464892,61.5187486620934,"wilcoxon",0.095878938786676
"lm",2805.87261925603,0.0684036629236834,37.7036414565212,1.83233458747943,69.085686314707,"anova",0.0173349779152176,0.322704050226621,0.134476698932859,"tweedie",4222.61921299142,0.0714642861597285,0.0958062636370103,1.81223811298512,0.173623762425691,0,1.5,"quantile_regression",2846.34380904904,0.117438874676077,97.430345768316,14.2759097270571,174.873756462781,61.9601878828058,"wilcoxon",0.0332200715265092
"lm",2808.26905704716,0.0905799415229442,37.9302055403859,1.70064364382887,64.5057629613797,"anova",0.013780765287407,0.317929919372507,0.127935049068924,"tweedie",4155.99959312809,0.0930783299493922,0.0886974769126756,1.6875184053583,0.149678624798983,0,1.5,"quantile_regression",2863.22552041894,0.45388713283107,56.978352403339,-63.8942204231825,195.285936034292,75.9276932091293,"wilcoxon",0.0762819728833254
"lm",2797.06402790251,0.0781459539640753,36.8824268972864,1.77071972791995,65.3084409205902,"anova",0.0118907147915898,0.340283284067477,0.134030661425206,"tweedie",4198.83256011397,0.080599055460064,0.0949358281866505,1.75620740201416,0.16672700417774,0,1.5,"quantile_regression",2841.3235433654,0.273280767012439,70.313246081793,4.19277609206928,168.90489152677,64.0031401527117,"wilcoxon",0.0522252368329955
"lm",2778.9240613429,6.83319698743213e-06,35.2471715162567,4.62235508310105,162.924942423104,"anova",1.24618402543638e-06,0.635190919809045,0.126980261905894,"tweedie",3987.92148992589,1.37431709477156e-05,0.0921678759193984,4.45965395708736,0.411036832560281,0,1.5,"quantile_regression",2811.28766264279,0.000163704745093307,199.748621500231,125.858376204695,271.010981393945,51.9781272374109,"wilcoxon",3.71794833710972e-06
"lm",2815.39147186047,0.0030903150515708,38.6116410132712,2.99546047533143,115.65964454294,"anova",0.00190071629116322,0.376643926730179,0.119661787370647,"tweedie",4109.84224885538,0.00347685813869875,0.0930426848404,2.95768239942352,0.27519071134756,0,1.5,"quantile_regression",2858.39064220149,0.00817322085095906,177.711156293959,109.219012306821,279.018993296707,66.5140759648863,"wilcoxon",0.0029549821408488
"lm",2801.93667187713,0.0158734276978023,37.3344619024817,2.43274265380774,90.8251379271271,"anova",0.00415470508350242,0.373291511586118,0.128726506961909,"tweedie",4176.32761430429,0.0174074294144786,0.0951609519226099,2.39812945444565,0.228208281718698,0,1.5,"quantile_regression",2844.53432627759,0.0390444071551976,125.275083767599,35.5027394899938,220.812439235607,60.3005637239307,"wilcoxon",0.00890583670348162
"lm",2814.90780986447,0.134976414207749,38.5649817696812,1.50089217295202,57.881879288152,"anova",0.0196221139048856,0.3266896129953,0.138861174017398,"tweedie",4355.39230565773,0.13818364196965,0.09889460059475,1.48860026917561,0.14721452906536,0,1.5,"quantile_regression",2852.88198699425,0.0852703391197782,95.634092949933,-5.6176082778969,186.664785445284,55.2944172250904,"wilcoxon",0.0758777407783819
"lm",2811.83222720162,0.697271341271064,38.2695943621337,0.389572562874249,14.9087839558143,"anova",0.946170285411095,-0.00901519183755656,0.133355903599695,"tweedie",4107.22464790465,0.697283500928874,0.090362185872908,0.389556094992657,0.0352011402636507,0,1.5,"quantile_regression",2854.66274665823,0.416678237148085,53.297763312876,-65.4691559379618,138.153861850573,65.4841695190664,"wilcoxon",0.772166963171007
"lm",2786.83257382435,0.00297318576005863,35.9509880059219,3.00776707670098,108.132198099084,"anova",0.00553209008998309,0.340344068157622,0.121331495223892,"tweedie",3966.11479877899,0.00320152094795584,0.0873047946362999,2.98416660170822,0.260532052322641,0,1.5,"quantile_regression",2834.94641786245,0.0573578686633942,124.032649343575,52.7820363983732,242.566819879078,64.8806233763028,"wilcoxon",0.00266326930337557
"lm",2828.95528747997,0.128898273946332,39.9433959518116,1.52482559666599,60.9067125650872,"anova",0.117234189514437,0.223419268248328,0.142002214053782,"tweedie",4418.41001701593,0.131909183426504,0.0970299011654851,1.51286214976049,0.146792864868264,0,1.5,"quantile_regression",2882.77517226935,0.024393624184732,164.015992587688,32.633595367288,306.390468273189,72.3097753048885,"wilcoxon",0.128257432699782
"lm",2801.67258677039,8.25532935208759e-05,37.3098213489892,4.02041697370441,150.001039037355,"anova",1.16136462271905e-05,0.536556847884225,0.119254729255168,"tweedie",3999.44277818069,0.000130622697865585,0.0891827309421673,3.90213327119319,0.348002901625301,0,1.5,"quantile_regression",2848.15886842774,8.56445688188767e-05,261.661749809056,121.711735041273,364.563326162508,65.2354212063462,"wilcoxon",4.7121381013474e-05
"lm",2817.24172037978,0.322799923204895,38.7906575544746,0.991195398290974,38.4491212646762,"anova",0.166807346054624,0.208668425615797,0.150376832530978,"tweedie",4414.44681768748,0.323384035693903,0.0961340525238339,0.989996632432772,0.0951723882607108,0,1.5,"quantile_regression",2869.26588782721,0.571807002248553,41.1023644523891,-82.684149769411,127.640348739307,72.5759835993907,"wilcoxon",0.320594187237039
"lm",2807.42507634568,0.000407557290030153,37.8502590080103,3.59632184102677,136.121713159028,"anova",4.57342472324454e-05,0.52944215325113,0.126997751559999,"tweedie",4101.68880873226,0.000566197238721853,0.0916438089091326,3.50422305166476,0.321140347721743,0,1.5,"quantile_regression",2845.42241472526,0.0067528832438124,172.651834387094,87.4044091286686,250.331015248482,63.067096912648,"wilcoxon",0.000243740789233742
"lm",2796.84011467773,1.01938602368486e-05,36.8617865170323,4.52974204982681,166.97438441794,"anova",2.89926560579473e-05,0.531401689832786,0.124134395836976,"tweedie",4093.93029134958,1.27105825731979e-05,0.0963170274212301,4.47805562504584,0.431313006431334,0,1.5,"quantile_regression",2834.38393279445,0.000100815254160835,265.561738554801,126.339949825294,371.801346895066,66.9051127684695,"wilcoxon",6.37166676115616e-05
"lm",2790.15462514211,0.000859993663223002,36.2508088756684,3.38438684058966,122.686760519543,"anova",4.87380324773779e-05,0.534006327680851,0.128579943735922,"tweedie",4027.09348097461,0.00107827884779144,0.0926470846978427,3.31816405491774,0.307418226237301,0,1.5,"quantile_regression",2834.1908104039,0.021705617004836,147.5826355359,86.5664328593807,252.058559982147,63.7839563955872,"wilcoxon",0.000424141156459803
"lm",2805.29899488474,0.0950591631726522,37.6496108882804,1.67731316160975,63.1501878723983,"anova",0.0919962473617539,0.221924711934162,0.131070724941069,"tweedie",4151.99621523752,0.097675711804474,0.0928962994424246,1.66409257952374,0.154588042567354,0,1.5,"quantile_regression",2852.14484747845,0.0398980308688877,146.583085459446,76.0068420173218,241.877629471049,70.8665105373528,"wilcoxon",0.0847419934798197
"lm",2813.65714003125,0.0323399551539078,38.4445899325157,2.155366489656,82.8621808491106,"anova",0.00536606854927399,0.34943293604582,0.124120133126979,"tweedie",4154.2515735521,0.0349204370143657,0.0925899801049817,2.12388946047977,0.196650882891002,0,1.5,"quantile_regression",2863.51875768951,0.0917180471972008,119.607552578318,69.6467870694711,247.219457728755,70.5803869623163,"wilcoxon",0.0199478191336043
"lm",2807.17188430641,0.0153476820530202,37.8263081283619,2.44528962274368,92.4962787329883,"anova",0.00445576373607829,0.351382541143258,0.122137733348804,"tweedie",4094.53771262933,0.0170138635770448,0.0933049035873207,2.40674432313581,0.224561047029518,0,1.5,"quantile_regression",2849.60706881913,0.0052903985131989,191.691219383164,105.320477764708,297.811601821242,67.9749705068629,"wilcoxon",0.00942884290318042
"lm",2796.41558159849,0.0236144434726033,36.822684651406,2.28097281592046,83.9915426990688,"anova",0.00381663613578736,0.379616143577292,0.129671044054484,"tweedie",4163.01894098528,0.0263070142411079,0.0939845681741093,2.23842065532602,0.210376998682823,0,1.5,"quantile_regression",2838.80204563238,0.0176763119098564,148.921520194388,76.9348126623031,238.286424602069,62.249254397645,"wilcoxon",0.0149993961876348
"lm",2811.48430299793,0.167118747394236,38.2363215393968,1.38661390431675,53.0190150964536,"anova",0.130549345889429,0.182399016643203,0.120138574762448,"tweedie",4076.4349743476,0.168524234788582,0.0893367119966716,1.38201503959878,0.123464679567705,0,1.5,"quantile_regression",2863.13537792059,0.0525458297948647,133.992278987118,-20.653467822469,226.463031714288,68.7016160873488,"wilcoxon",0.176242354083255
"lm",2799.25973742803,0.00290328017624562,37.0854413285732,3.01532605627828,111.824697546626,"anova",0.00119108111873258,0.404087302389605,0.12287095328243,"tweedie",4087.85119357729,0.00326255741010901,0.0929067919670875,2.97812008856763,0.276687583521557,0,1.5,"quantile_regression",2845.42629808324,0.0180224137541569,172.449385481745,91.3432814008399,274.485341425457,72.3056291629015,"wilcoxon",0.00205383501005462
"lm",2794.40557313533,0.000552221564303012,36.6381140060213,3.51128927843736,128.647016891508,"anova",5.09491015809814e-05,0.496353360077033,0.119832508917315,"tweedie",3970.15859308478,0.000744037664481054,0.0864139207521111,3.42627332131345,0.296077711263053,0,1.5,"quantile_regression",2830.9651733237,0.0180738984135207,135.172596820231,112.493529976862,210.622453377917,56.701680719368,"wilcoxon",0.000248441027403959
"lm",2796.30000512523,0.0122695765800513,36.8120465982965,2.52748809512345,93.0420095343241,"anova",0.00201176250907809,0.368175958876325,0.117624602401641,"tweedie",3974.21052577839,0.0129013553442479,0.0898339090391422,2.50922532174774,0.225413519312599,0,1.5,"quantile_regression",2842.91838674074,0.147063015029028,94.569360486372,-10.6381675720623,192.64114710964,64.9654716410128,"wilcoxon",0.00997907378267825
"lm",2813.56249379028,0.294355760935289,38.4354944188209,1.05140141437263,40.4111331940594,"anova",0.152816738078268,0.178957035777738,0.124694067148445,"tweedie",4169.71422805776,0.295598658087067,0.0925572691253891,1.04869115350333,0.0970639893242222,0,1.5,"quantile_regression",2871.8400231242,0.155636752686312,107.722845602252,-77.0348190932655,203.960206225548,75.5775578674922,"wilcoxon",0.211375021920823
"lm",2809.49770641278,0.106319864903529,38.0468919644561,1.62234876835599,61.7253283183087,"anova",0.050957111066176,0.248134776793288,0.126356648363598,"tweedie",4130.49031773599,0.108425724624614,0.0930357949669672,1.61259285214317,0.150028857957188,0,1.5,"quantile_regression",2855.25623861829,0.119817309766144,98.585855596759,44.4939795445975,212.866665341001,63.1035565359283,"wilcoxon",0.0812711049742777
"lm",2789.79976808455,0.000572441410878394,36.2186634981145,3.50111869741419,126.805839968601,"anova",0.00214337840255264,0.389201707576931,0.125125203305362,"tweedie",4097.79399461362,0.000627401106746275,0.0977944538604749,3.47508803605766,0.33984433660333,0,1.5,"quantile_regression",2822.93318675145,0.0144532977217464,140.842735392163,78.3980654112482,236.00908999764,57.0782425055623,"wilcoxon",0.000812020689851349
"lm",2819.08057321577,0.0154147554134661,38.9693938535187,2.44366789356763,95.2282565916356,"anova",0.0115008040719461,0.361291638632012,0.141634170798551,"tweedie",4410.65765873822,0.0161302190063397,0.103485946939547,2.42674765560527,0.251134279123637,0,1.5,"quantile_regression",2857.01340540054,0.0304205195676603,136.456981507823,49.5988856301191,230.373527277161,62.5886763634525,"wilcoxon",0.00759863626696775
"lm",2800.7887526299,0.262438254880054,37.2274731254976,1.12384792706059,41.8380185017942,"anova",0.0222979698536215,0.281132444689711,0.122054052022928,"tweedie",4090.9069643141,0.266851421799569,0.0938017873095105,1.1134819176785,0.104446594015064,0,1.5,"quantile_regression",2846.10384701547,0.0711300527448062,122.451279658199,15.8703435929815,183.782019402608,67.4886644032087,"wilcoxon",0.110866339435068
"lm",2814.93984312501,0.00657193005336098,38.568070298621,2.74685619235402,105.940942726912,"anova",0.00174574036973342,0.415918412959472,0.131055199675728,"tweedie",4192.74962270307,0.00743135529514429,0.0920852788182161,2.70473674777478,0.249066437548716,0,1.5,"quantile_regression",2856.51799849132,0.00383524409559932,164.423619527141,71.9882333211665,234.591586218686,56.1948962866915,"wilcoxon",0.00343397081968354
"lm",2793.85320949958,5.10836757312457e-06,36.5875550180899,4.68887070116537,171.554314751598,"anova",4.86125723898574e-07,0.604905404126205,0.116241934877718,"tweedie",3959.36608012233,1.07360570603245e-05,0.0921524120027441,4.51764185895225,0.41631159386701,0,1.5,"quantile_regression",2824.8170154158,5.44921622935846e-07,273.782483754217,175.30744517773,356.088327621191,52.8568710848362,"wilcoxon",2.63474598597545e-06
"lm",2807.39520816809,0.0348127857412696,37.8474328178837,2.12516189436533,80.4319220241183,"anova",0.01779968231055,0.314112641372634,0.131443674205882,"tweedie",4222.19655786631,0.0366131639074496,0.0967521493349365,2.10431228585425,0.203596736528312,0,1.5,"quantile_regression",2847.30458029593,0.0301506251631809,141.285468002085,56.8066866028967,216.35872572421,64.6964534919182,"wilcoxon",0.023287392170647
"lm",2804.21772470144,0.324252004490197,37.5479748160716,0.988217935587175,37.1055821582175,"anova",0.13919457509715,0.170422006535416,0.114779934434604,"tweedie",3917.10655548219,0.3262336964098,0.0853551182814661,0.984168598799958,0.0840038271594752,0,1.5,"quantile_regression",2851.65747907897,0.247214501960062,75.247792325103,-25.944786890023,189.61709502183,64.8369692067544,"wilcoxon",0.237452384443102
"lm",2815.97991291819,2.55798364988596e-05,38.6684845015184,4.31123647737337,166.708980907693,"anova",0.000242415070684384,0.500483152415675,0.133879586778832,"tweedie",4225.02084104869,3.12661334692664e-05,0.0914072024295893,4.26246793003046,0.389620268929926,0,1.5,"quantile_regression",2862.86544209723,0.00323863295351456,207.333449090836,126.175853216282,358.486129311335,69.5638325445434,"wilcoxon",5.51130513615065e-05
"lm",2787.6970410616,0.000321344528136715,36.0287681518276,3.66179610234479,131.930002790646,"anova",1.89219364333085e-05,0.546861213052842,0.12474810325633,"tweedie",3977.11969114053,0.000463703164398378,0.0865150862612451,3.56038316266626,0.308026856441156,0,1.5,"quantile_regression",2832.53931354668,0.00171643649908448,192.923422725105,70.7744777197667,277.415948139074,60.6910992642261,"wilcoxon",0.000227938670731793
"lm",2794.35761566367,0.000574965673846602,36.6337215910531,3.49987274387136,128.213363703098,"anova",9.47965866787457e-05,0.539779397297292,0.135451134305272,"tweedie",4233.8961359071,0.000819159724721536,0.0955268735049947,3.39849949342879,0.32464803121556,0,1.5,"quantile_regression",2832.42003608765,0.000560775585584317,198.957796584732,125.412427019636,283.725771229904,56.7325169125191,"wilcoxon",0.000390267756139749
"lm",2792.83125710605,0.0123297364367445,36.4941974790126,2.52571336097614,92.1738821708439,"anova",0.00618623306009151,0.302457004087787,0.109292632021475,"tweedie",3853.6437715685,0.013690430378717,0.0862804940458398,2.48750364715736,0.214623043617565,0,1.5,"quantile_regression",2829.98741914494,3.8965577242589e-05,215.776939378707,87.9710612889727,258.658946727709,51.2716857408291,"wilcoxon",0.00865417975189649
"lm",2818.57340326218,0.0175806595511481,38.9200149003557,2.39439201412535,93.1897728670515,"anova",0.00274301516385085,0.418716710526854,0.138039629833212,"tweedie",4448.38472882843,0.0192824485009641,0.103542574575906,2.35930846540638,0.244288872726907,0,1.5,"quantile_regression",2859.54126770051,0.0463306112196464,125.458707301974,44.0103085999292,229.353865260625,62.5745600270076,"wilcoxon",0.00793690805745055
"lm",2795.44209029953,0.0249224399718354,36.7331772062031,2.25980087946357,83.0096661560689,"anova",0.0054374539674209,0.314619461381061,0.111930050262799,"tweedie",3890.87509563111,0.0263967830851895,0.0846932207657889,2.23706858330223,0.189464543393826,0,1.5,"quantile_regression",2850.95329505595,0.146557845511988,103.975364422722,39.1833539947893,267.772492270958,71.3373130200814,"wilcoxon",0.0219820970995174
"lm",2782.90771078171,0.00071276375265711,35.5999562513396,3.43861713424128,122.414619544096,"anova",0.00025101658520068,0.437664217685254,0.117370609410553,"tweedie",3994.02590369492,0.000894008706459007,0.0977227389580098,3.37310100609329,0.329628669097455,0,1.5,"quantile_regression",2807.1454991747,0.00134475042369919,164.6015143887,92.1435266707276,270.182935445803,50.6074073134314,"wilcoxon",0.00048676159936398
"lm",2813.09215371383,0.569812136348647,38.3903265958636,0.56927887160391,21.8548018049988,"anova",0.35080150977529,0.119436266823217,0.127705921462913,"tweedie",4198.43942747992,0.570529854039219,0.0950215266985289,0.568219371677942,0.0539930721965169,0,1.5,"quantile_regression",2857.37886308419,0.516917333720966,42.883800803157,-45.5434227162538,160.86121909706,66.0494183876486,"wilcoxon",0.419355423186828
"lm",2803.26353826311,0.00132487365196427,37.4585121426912,3.25697649203156,122.001493475224,"anova",0.00013856097873771,0.459746447141238,0.118286220433265,"tweedie",4046.50792675433,0.00167528553651145,0.0916653771723165,3.1861672548862,0.292061223153227,0,1.5,"quantile_regression",2845.07425332642,0.00716506311718756,166.737947338916,89.2794539594451,284.301437608232,61.3617561329576,"wilcoxon",0.000644425685296462
"lm",2787.98417518972,0.0242027674954004,36.0546401589636,2.27132633303305,81.891853621085,"anova",0.0208317101031661,0.281579216673623,0.120866792049731,"tweedie",3933.99633556748,0.0255912632362323,0.0861750937139547,2.24934723251485,0.193837708557192,0,1.5,"quantile_regression",2833.83542307605,0.0790673192086555,101.45341589753,-4.66248896340009,194.283207764961,57.4733356432478,"wilcoxon",0.0190561035831476
"lm",2805.91070949662,0.030652491400351,37.707231979409,2.17714404514691,82.0940755629433,"anova",0.00489566948791301,0.394739319622744,0.138707686037593,"tweedie",4241.2490579545,0.0329165589019465,0.0960013882838886,2.14814989905589,0.206225372551261,0,1.5,"quantile_regression",2853.99576850055,0.0115660057720945,171.461081437912,41.166263132085,251.490693382557,67.2701935294676,"wilcoxon",0.0169213308800823
"lm",2797.10706300474,0.0121846724382987,36.886395208284,2.53000605688064,93.3228032934514,"anova",0.00125792863702637,0.381420936782032,0.116554676478836,"tweedie",4011.92586964011,0.013442806457839,0.0930647431752232,2.49419746658513,0.232121846656037,0,1.5,"quantile_regression",2834.2019740012,0.0339042183981837,119.78025559936,33.7411908275913,193.915219815086,56.0758962174579,"wilcoxon",0.0051276702097218
"lm",2799.94135301608,0.000892191511785788,37.1486902398211,3.37369370746454,125.328302502634,"anova",0.000400951734137503,0.477960041254899,0.132735247935235,"tweedie",4257.2450723883,0.00113909874559771,0.100583278155598,3.30194677411014,0.3321206308353,0,1.5,"quantile_regression",2835.17425097778,0.000287047326660517,207.55523889893,110.186185986931,307.028283172449,56.2087504791981,"wilcoxon",0.000495734177831124
"lm",2796.47792350435,0.00351324075435502,36.8284240895042,2.95432789637481,108.803240667144,"anova",0.00835745801092085,0.368622820657779,0.138370976050289,"tweedie",4208.51843848021,0.00392097244496916,0.0952877653231161,2.91876678282956,0.27812276423517,0,1.5,"quantile_regression",2832.21703646343,0.0219346252334005,124.504553233793,80.67398057221,260.037991407541,53.9045691767928,"wilcoxon",0.00401360577170907
"lm",2773.713150866,7.25871688682468e-05,34.7909748297756,4.05311215974774,141.011723132041,"anova",0.000373432885448854,0.44369661343057,0.122550650254428,"tweedie",3937.05983001286,8.62767837965416e-05,0.0913868836141057,4.00915954780879,0.366384596985983,0,1.5,"quantile_regression",2803.45022609504,0.00149317416783434,167.341546811313,119.978609659405,249.765367466509,51.9526347470217,"wilcoxon",9.68195910460974e-05
"lm",2788.45842602452,0.0673620134837121,36.097412868179,1.83934408141179,66.3955627133627,"anova",0.0417279952681129,0.260263394925086,0.126986373201589,"tweedie",4115.9598607372,0.0681004679912678,0.0975006584988501,1.8343656764072,0.17885186137739,0,1.5,"quantile_regression",2821.13675003842,0.190601271096981,68.375281622253,-12.2255363407812,124.788582790805,52.0636618826545,"wilcoxon",0.0604161451353365
"lm",2807.40556047279,0.245292934847676,37.8484123509503,1.16531626482832,44.1053705104914,"anova",0.078096220470319,0.238120902121,0.134454269138068,"tweedie",4152.02731181476,0.246768620136419,0.0923475083590337,1.1616684183621,0.107277183975119,0,1.5,"quantile_regression",2848.65434300675,0.793470857809198,15.143692217143,-87.1515894601226,107.456741407868,57.7651399841543,"wilcoxon",0.189074627714087
"lm",2815.20853287753,0.010036701160198,38.5939861149494,2.59958635704901,100.328399768561,"anova",0.0069993572764626,0.357595810425569,0.131212258466988,"tweedie",4305.42600320375,0.0111012524687152,0.102701259609531,2.56359358937497,0.263284290755728,0,1.5,"quantile_regression",2847.22869989665,0.0422744448512686,127.006074774208,58.159193888975,249.213064586225,62.1351021183226,"wilcoxon",0.00324983416243666
"lm",2798.75441855241,0.530701009816727,37.0386209750249,0.628040665220318,23.2617601559979,"anova",0.521598304582416,0.077069609958497,0.120041083647695,"tweedie",3999.53986736835,0.531513496756278,0.0873680716153959,0.626798291472222,0.0547621580177529,0,1.5,"quantile_regression",2844.72181915757,0.27774002537511,69.468956441282,-24.117873566103,165.67869187888,63.8264709364738,"wilcoxon",0.471784844703149
"lm",2817.01871150681,0.0636207598993308,38.7690369299657,1.86528543165215,72.3153197846492,"anova",0.0099175381494952,0.323368612164549,0.124189795554313,"tweedie",4206.65083403351,0.0662803651783992,0.0952404158213209,1.8467185079038,0.175882238597688,0,1.5,"quantile_regression",2865.21846526165,0.0445524466988498,141.038474408109,-9.06944184055394,222.175583283136,69.7620486370583,"wilcoxon",0.0388393108177148
"lm",2803.53295484684,0.0745986758525934,37.4837505022109,1.7923808616764,67.1851570240159,"anova",0.00536942409764299,0.340074931181319,0.120805099296247,"tweedie",4160.63481260988,0.0783178752839432,0.0999902383852578,1.76969058052537,0.176951783014877,0,1.5,"quantile_regression",2836.96057234691,0.0431624440604941,108.308081839303,4.59622025478302,184.939016507353,53.2171522712522,"wilcoxon",0.0194339085784253
"lm",2823.43184908638,0.0783665537473699,39.3956244167343,1.76939952038594,69.7065989482744,"anova",0.00996125245173708,0.339382326765533,0.130418030207163,"tweedie",4367.36649269991,0.0826391738998351,0.100049522235313,1.74441106922698,0.174527494058151,0,1.5,"quantile_regression",2867.09331320318,0.0351348725670788,135.480508351846,59.438068042739,256.530074467261,63.8647837782369,"wilcoxon",0.0336261310794435
"lm",2806.45650681643,7.14696811888208e-05,37.7587183632129,4.05704153019349,153.188688526434,"anova",0.0018890545604875,0.404676242065495,0.128490653798976,"tweedie",4258.32714485801,6.28774202764608e-05,0.100761536473894,4.08937275969156,0.412051482481008,0,1.5,"quantile_regression",2852.31411122161,0.00898927938332594,183.171289655907,81.8981367366578,373.302865790624,69.4221418654138,"wilcoxon",0.000533189167928361
"lm",2831.2532931638,0.348006312325972,40.1735317629137,0.940697155325456,37.7911270487497,"anova",0.261443150867202,0.141343075844533,0.125504192385447,"tweedie",4234.25699350229,0.348505582666294,0.0909454264652049,0.939721175494416,0.0854633430637233,0,1.5,"quantile_regression",2888.9317189388,0.704035639761025,29.275057527776,-53.8754262631097,187.84210379077,76.9529795794949,"wilcoxon",0.340011080177997
"lm",2804.03261633133,0.0698368122630675,37.5306027249827,1.82283369023886,68.4120470620689,"anova",0.0145787369189347,0.315559666175445,0.128050108153704,"tweedie",4100.36936732837,0.0718864256550945,0.0894414406648352,1.80952238295952,0.161846288847166,0,1.5,"quantile_regression",2861.03895481379,0.239230148471133,84.257674435503,-73.0650935923471,228.216662285428,71.3764760556659,"wilcoxon",0.0525221536642808
"lm",2807.2931155395,0.0136916996561564,37.8377741907744,2.48746961433124,94.120313573478,"anova",0.00519716530484195,0.36741816911266,0.130015330946151,"tweedie",4176.93593814716,0.0150839670271567,0.0919032614086784,2.45172741190781,0.225321745239386,0,1.5,"quantile_regression",2859.3881260327,0.167762095875228,103.576598695869,16.6208186706144,256.027845277609,74.8112745929659,"wilcoxon",0.00822903702067127
"lm",2800.5377962583,0.444824427949292,37.2041242717443,0.765602655813166,28.4835763496505,"anova",0.134437466839751,0.186449103653711,0.12405295296962,"tweedie",4063.92155445725,0.446572586956625,0.0888491375476922,0.762662068928326,0.0677618670646203,0,1.5,"quantile_regression",2839.33087419957,0.567474550303347,34.415042058868,-24.203612526589,99.9357411505212,60.0890406414067,"wilcoxon",0.337543562632896
"lm",2784.07276659724,0.0994969500569178,35.7037972437772,1.65505784189089,59.0918496135957,"anova",0.0736790406363867,0.210464176456681,0.117045842279068,"tweedie",3900.1321252653,0.101668600103207,0.0865910047360805,1.64445692118054,0.142395177050224,0,1.5,"quantile_regression",2827.33743235597,0.141320222950467,89.702121098854,31.0909171635666,203.791609549729,60.7412201082518,"wilcoxon",0.0711619353089683
"lm",2794.57327943216,0.000343668237210236,36.6534783327213,3.64338457891492,133.542717721029,"anova",0.000237431846137662,0.441789474973947,0.118002499604695,"tweedie",3995.06090394234,0.000425011566540152,0.0906219231458244,3.58467489164998,0.324850132533871,0,1.5,"quantile_regression",2838.2448797249,0.00229263757220721,185.679024855215,110.262664811586,309.115971647119,60.0984958774656,"wilcoxon",0.00039756911201054
"lm",2803.04502706387,0.109288760693108,37.4380549698265,1.60863824807368,60.224287157948,"anova",0.0146523522600557,0.323730436523256,0.131465057796194,"tweedie",4141.63431703008,0.111993290584315,0.0939477835232237,1.59640451247256,0.149978665553269,0,1.5,"quantile_regression",2837.40708354506,0.436754267901772,40.284545196188,-8.11567281097585,156.121026618984,51.6955934775038,"wilcoxon",0.0674180991291196
"lm",2821.05770231301,0.000520182154804618,39.1624894853492,3.52814405399998,138.170904417572,"anova",0.000225561555441145,0.488731505520622,0.13006210796112,"tweedie",4276.99113844797,0.000643663173295862,0.0982341911692195,3.46779544301195,0.340656080484584,0,1.5,"quantile_regression",2863.18264364818,0.00258066989980721,214.667330058541,91.7526301801491,318.753989068524,70.3242196710173,"wilcoxon",0.000333075361530211
"lm",2816.9519849634,0.00723235586302984,38.7625701597984,2.71408159487775,105.204778240866,"anova",0.00214236351439178,0.402440295164594,0.129375196631103,"tweedie",4248.21833499345,0.00817289710334512,0.0968594104397301,2.67179646437866,0.258788630354672,0,1.5,"quantile_regression",2862.87421912793,0.023141061375612,161.535408861116,59.4813027165171,280.597074173859,70.5737370370014,"wilcoxon",0.00377185280751529
"lm",2781.71944239694,0.00243667048073584,35.4943574224035,3.07055097094589,108.987233646462,"anova",0.00586886654889173,0.324537124398213,0.116521811866332,"tweedie",3939.82717903105,0.00251994331282136,0.0887111788973107,3.06001824744955,0.271457826178532,0,1.5,"quantile_regression",2835.74384992388,0.0115755448362711,170.32280877919,37.2371602321387,282.022823156416,66.8314016403299,"wilcoxon",0.00255826303724264
"lm",2792.00138193708,0.00246615152112448,36.4185618955101,3.06678464894818,111.68788655792,"anova",0.00107783722675184,0.441435917658435,0.133031349398651,"tweedie",4157.66610642582,0.00275380980350802,0.0945104010760504,3.03206682762894,0.286561851968599,0,1.5,"quantile_regression",2837.30379095356,0.0514759133857701,116.301620501505,30.8184032677416,260.589623725705,59.3573543052163,"wilcoxon",0.00245705585370632
"lm",2796.2185931455,0.0510980092976466,36.804555006725,1.96256132568505,72.2311962652466,"anova",0.187822952964141,0.1633915840045,0.123630682008913,"tweedie",4022.64524637743,0.050945966002343,0.090377195017518,1.96386044346791,0.177488198286489,0,1.5,"quantile_regression",2838.38366600057,0.424146469955214,52.8654415502029,-9.72064222378965,176.482487198003,66.0071063048009,"wilcoxon",0.0711619353089683
"lm",2766.04064919141,0.000290695862249766,34.1299997292777,3.6891437289504,125.910474470344,"anova",2.83686674438328e-05,0.537328103061502,0.125363904490241,"tweedie",4018.57940396528,0.000374682201391754,0.0972433965523189,3.61959435025675,0.35198164876055,0,1.5,"quantile_regression",2804.40417698652,0.0187220273435287,149.215345946491,81.2743553163499,235.750875372577,62.9454678087409,"wilcoxon",0.000137341047042236
"lm",2819.21342981773,0.010389833774816,38.9823393563885,2.58728259915146,100.858328291001,"anova",0.000330212462351583,0.508299018533081,0.139094536914625,"tweedie",4231.87873773513,0.0121016314712304,0.0933526012164004,2.53248396264216,0.236413965451463,0,1.5,"quantile_regression",2868.29438312679,0.0151707443690789,169.132945216379,31.9388160763351,295.323837909035,69.0451824829192,"wilcoxon",0.00423658785598185
"lm",2809.68378040304,0.232966044355645,38.0645949242247,1.19641312255171,45.5409808719577,"anova",0.0138208125493242,0.302092829680477,0.121614377953194,"tweedie",4073.35348225156,0.236687076391037,0.0887460425067779,1.18690526674351,0.105333145253938,0,1.5,"quantile_regression",2862.98263881124,0.471794577689795,53.647136972108,-36.6222075343362,169.596788399137,74.4123919673885,"wilcoxon",0.139014217114815
"lm",2825.55975453885,0.0103985337033217,39.6057582623658,2.58698423963583,102.459472423567,"anova",0.00590260308988465,0.344509123369068,0.123778467995066,"tweedie",4156.20841825482,0.0112387568939499,0.089164510524391,2.55917237031618,0.228187351746788,0,1.5,"quantile_regression",2876.20569050267,0.00249783522114866,193.682542035455,56.9221940977837,306.67216657547,63.2374368876138,"wilcoxon",0.011723631730831
"lm",2795.66976995409,7.94619745472541e-05,36.7540916506237,4.03013673821968,148.124015041072,"anova",2.42892590353007e-05,0.518311231295266,0.119875451750713,"tweedie",4068.99786609659,0.000121371124122058,0.0973224597653319,3.92125004383775,0.381625699621205,0,1.5,"quantile_regression",2827.15160914377,0.000226010072839067,181.861584276266,118.0781586568,344.467673785142,48.4041974132203,"wilcoxon",2.73984878421248e-05
"lm",2817.19606166432,0.717276490270908,38.7862299781864,0.362618730626956,14.0646134804951,"anova",0.391611073612723,0.104366045888363,0.121556735239942,"tweedie",4084.33624355003,0.717348648976123,0.0883908262366333,0.362521997048728,0.0320436188480914,0,1.5,"quantile_regression",2867.12008641063,0.839462110231502,-14.186387902071,-98.9527841640883,46.5958546919841,69.9360396328566,"wilcoxon",0.613868047209616
"lm",2807.10110633923,0.0115469278409129,37.8196155475003,2.54943683370749,96.4187209134538,"anova",0.0014687780033682,0.383977091395531,0.119025422867208,"tweedie",4059.08719877796,0.0128360880522302,0.0909732245713439,2.51107459035117,0.228440552623412,0,1.5,"quantile_regression",2853.31362794164,0.10880327024643,110.387578899862,54.8286550431826,233.786839641104,68.5271181247764,"wilcoxon",0.00508900248277103
"lm",2760.73146182189,1.41021928615916e-05,33.679986433315,4.45356608262853,149.996045242801,"anova",3.8244761329907e-06,0.522228352691582,0.10984149673789,"tweedie",3789.07047581176,2.06935818703902e-05,0.0905111603929111,4.36229744155914,0.394836603414545,0,1.5,"quantile_regression",2799.2134172503,0.000560315724907667,195.428433071686,121.036263428362,296.95499398215,55.7224382612453,"wilcoxon",8.27421698790776e-06
"lm",2783.62535881113,7.29740906669041e-05,35.6638841775077,4.0517650705927,144.501680192089,"anova",2.12107905832516e-06,0.579122059039223,0.118531029648387,"tweedie",4000.38200783058,0.000119716317531218,0.0923819398913827,3.92481474069598,0.362581999459789,0,1.5,"quantile_regression",2831.07316427119,0.000254912960576892,218.82332349702,113.433560344207,335.453799655523,58.7484624710502,"wilcoxon",4.33215746290716e-05
"lm",2809.56113701471,0.586450906228811,38.052925786002,0.544877576518095,20.7341859816997,"anova",0.108765935499296,0.208297905250841,0.129294787862389,"tweedie",4215.80113753879,0.58754940488492,0.0959667079161508,0.543278149845018,0.0521366155234037,0,1.5,"quantile_regression",2862.68356727153,0.672168602851985,32.23271576784,-65.9102855133575,131.710114560312,76.0556648151227,"wilcoxon",0.333863919800037
"lm",2813.63821793911,0.117793050338742,38.4427713453474,1.57094072675887,60.3913151558853,"anova",0.108312317704882,0.220466300652977,0.136671214963186,"tweedie",4217.2655417089,0.118792510718989,0.0907392720864313,1.56665338569865,0.142156987830039,0,1.5,"quantile_regression",2868.59168011309,0.485956514186531,48.858130203623,-34.5199800347801,214.261863767292,69.9909612580554,"wilcoxon",0.12948830296208
"lm",2826.53830049937,0.0332349745143835,39.7027670102851,2.14421132715359,85.1311227427933,"anova",0.0377424361562862,0.272834832784682,0.130438156675646,"tweedie",4294.78420920864,0.0335341017006171,0.0980928487786373,2.14054086784198,0.209971751653716,0,1.5,"quantile_regression",2874.5553269104,0.319745544840712,74.905987100879,12.3080807390679,217.217257033875,75.0946849057708,"wilcoxon",0.0571478554555165
"lm",2825.89430064109,0.0203067850012884,39.6388969986102,2.33948550418833,92.7346249302627,"anova",0.0030829844058919,0.403354256811119,0.134621130649313,"tweedie",4395.68505794389,0.0225581278552435,0.100746505440302,2.29883288165762,0.231599379418265,0,1.5,"quantile_regression",2871.62534359701,0.00603790989520725,207.889503528295,110.992366320062,316.247138613833,74.8984494410178,"wilcoxon",0.0119700692398778
"lm",2783.35844905469,0.282955849575689,35.6400945189063,1.0766295234755,38.3711779785117,"anova",0.221750848114588,0.132055507724521,0.10773495917826,"tweedie",3818.05027045474,0.283258970613588,0.0870032973612442,1.07594984836375,0.093611184602977,0,1.5,"quantile_regression",2826.58995990254,0.431577607878393,46.142607440061,-52.6413939156215,133.021918175179,58.5487833990657,"wilcoxon",0.260512519608566
"lm",2807.43350216193,0.0284190724301186,37.8510563147258,2.2076219616621,83.5608231924975,"anova",0.0378277141117098,0.250744975680556,0.119931274040628,"tweedie",3980.98186794389,0.0299192994023461,0.0867081431170203,2.18693093667031,0.189624720643848,0,1.5,"quantile_regression",2846.73477996444,0.0160442309344959,137.983355741224,55.1147613284819,242.526410138501,56.8126004684945,"wilcoxon",0.0200781356082981
"lm",2785.9812963285,0.145055725122027,35.8745586953511,1.4629898652321,52.4841157909728,"anova",0.137138673054205,0.182469581470927,0.122251074752095,"tweedie",4027.44737703275,0.146160608705551,0.0954328869031515,1.45896026539605,0.139232790003733,0,1.5,"quantile_regression",2819.7032425967,0.428220814426072,45.639895506463,1.40167791546071,168.408978381083,57.4903035788451,"wilcoxon",0.107089306317542
"lm",2810.91097210514,0.00956065163943239,38.1815556365901,2.61680265749505,99.913596257124,"anova",0.00887838955439201,0.324131802310484,0.122643827138209,"tweedie",4135.2623999098,0.00993666688425811,0.0949972964080986,2.60314231448268,0.247291482041375,0,1.5,"quantile_regression",2854.74903274362,0.0528970621691653,129.966896161089,34.3705806405709,228.690138870078,66.7375828509514,"wilcoxon",0.00716772680938414
"lm",2821.54384122762,0.646063036909349,39.2101144452486,0.459941257012766,18.0343493255621,"anova",0.294451613300521,0.142143040524979,0.135220800524095,"tweedie",4301.37747521863,0.646551072597891,0.093102781583736,0.459260275069483,0.0427584090798806,0,1.5,"quantile_regression",2870.54644563858,0.565963504488751,41.638305231098,-47.8911410324925,129.70980513763,72.4180656758361,"wilcoxon",0.532439867987911
"lm",2817.01838596513,0.0348553276962661,38.7690053776354,2.12465864607305,82.3709024752456,"anova",0.00379537411266951,0.396143057921937,0.135232631108721,"tweedie",4291.20415617967,0.0366856028762548,0.0938562702872145,2.10349197860329,0.197425911690778,0,1.5,"quantile_regression",2862.59053308225,0.128355066041227,103.516285273712,44.7614436045922,221.014773664049,67.7903065046973,"wilcoxon",0.0283115923111195
"lm",2786.99209974956,0.00910307757439036,35.9653286519228,2.63409271357351,94.7360101433064,"anova",0.000976415338650045,0.409417794680311,0.12231139789869,"tweedie",3964.48768239168,0.0102934956415157,0.085463712867247,2.59060152568297,0.221402424944421,0,1.5,"quantile_regression",2832.87976215207,0.0249415584970789,129.727846016418,41.3944251829412,211.830707022744,57.4144376228805,"wilcoxon",0.00706348580979464
"lm",2804.65165470453,0.013528520128269,37.5887299002119,2.49186810733736,93.6661572336562,"anova",0.00308802114024515,0.366731226967112,0.122419318251174,"tweedie",4052.28413429004,0.0152667115588775,0.0886796125196037,2.44725575901483,0.217021692445804,0,1.5,"quantile_regression",2855.59200804607,0.0203293569499079,161.937195327879,28.9981741484695,252.31989727197,69.2317796252398,"wilcoxon",0.00853075071636079
"lm",2799.70229106377,0.175988620161554,37.1264947770588,1.35806481453695,50.4201862438136,"anova",0.0327251813205106,0.265075897664604,0.123260561382121,"tweedie",4134.23259232813,0.180152498761511,0.0950238129437344,1.34503496373898,0.127810350797115,0,1.5,"quantile_regression",2841.86741588289,0.272819903800876,65.073724791181,-1.11941359939307,204.769471510586,59.1767659755447,"wilcoxon",0.0851841631436125
"lm",2796.47876684847,0.960092281557837,36.8285017371732,0.0501011578358771,1.84515057839299,"anova",0.538056354255604,0.0679502221984659,0.110160610859248,"tweedie",3855.44340972216,0.960095273874573,0.0832232436857043,0.0500973980455628,0.0041692679655656,0,1.5,"quantile_regression",2843.39546762623,0.654461376708512,-26.985958797339,-92.644077388751,96.4426827692775,60.2026370764724,"wilcoxon",0.892131114990649
"lm",2792.25243117118,0.0176035440635854,36.4414262000195,2.39390071574207,87.2371562628883,"anova",0.0143083265581898,0.286501784163682,0.115933536238766,"tweedie",3911.20579762204,0.0186412721206512,0.0852237490316481,2.37219365259446,0.202167236503178,0,1.5,"quantile_regression",2838.24155848406,0.00882283619732593,152.828441241639,63.8612145388919,230.610581413544,57.7785543003366,"wilcoxon",0.0174921830679478
"lm",2796.86375733775,0.249134141292815,36.8639653581395,1.15585291069574,42.6093216589923,"anova",0.28381004445153,0.135974545845086,0.126521437196259,"tweedie",4081.51984818521,0.249099251797853,0.0894175654073455,1.15593840125001,0.103361197600635,0,1.5,"quantile_regression",2852.23565679161,0.728397915201157,23.961582651864,-95.8237425464564,151.971825608824,68.90477412377,"wilcoxon",0.223212815714011
"lm",2807.31543403044,0.324701222160969,37.8398854547257,0.987298596992364,37.3592658198024,"anova",0.119634610068163,0.197617372976186,0.12642955294938,"tweedie",4186.64432859596,0.326911542427327,0.0947427507631375,0.982787205821774,0.0931119632943727,0,1.5,"quantile_regression",2855.43723297854,0.156829310760424,93.978313909494,-39.9985588806002,161.213559680508,66.1256528711788,"wilcoxon",0.193222659471891
"lm",2831.10375320944,0.0150079208549802,40.1585156996993,2.45360239573699,98.5330303300235,"anova",0.0193433832060892,0.31971064282228,0.135579555617247,"tweedie",4380.83481786224,0.0164738918675598,0.0946469693533778,2.41885523123866,0.228937316941303,0,1.5,"quantile_regression",2881.23362720613,0.00577050825685554,206.963235248468,130.116188193407,334.060077778192,74.1564762592244,"wilcoxon",0.0161496288708726
"lm",2819.26107395114,0.0583779493891709,38.986982832369,1.90386481983074,74.2259450458924,"anova",0.0311947924054887,0.278003363446847,0.128110098617744,"tweedie",4205.86279395157,0.0604555104269326,0.0913963237934145,1.88824396054219,0.172578556418673,0,1.5,"quantile_regression",2869.38231069077,0.096514860960434,110.721051320065,25.9153274414218,218.897183789643,66.3031153705061,"wilcoxon",0.0493325397727659
"lm",2787.86988497697,0.0148415349676886,36.0443398993211,2.45773437242367,88.5874131018833,"anova",0.00424276092826388,0.344936688523146,0.119230794945138,"tweedie",3986.15822487765,0.0162480476024545,0.0901319258593568,2.42402509982059,0.218482050578249,0,1.5,"quantile_regression",2833.49249983104,0.0658542738101415,110.395274301698,26.6439885764648,270.953838357148,59.684382510339,"wilcoxon",0.0105577253695189
"lm",2792.97045343129,6.33119158843067e-06,36.506899334403,4.63986867533335,169.387218655244,"anova",1.24759955642693e-06,0.588710898633086,0.11769429632233,"tweedie",4018.17088255903,1.2449331264333e-05,0.0969085097898304,4.4829391140426,0.434434949020411,0,1.5,"quantile_regression",2825.5387213228,1.46605572526326e-05,253.997203081218,153.284582800827,346.558423566946,57.1500997077143,"wilcoxon",2.36534738721923e-06
"lm",2801.06787201664,0.0631037245331841,37.2534594647279,1.86896962158302,69.625584038451,"anova",0.00952817862352955,0.309282833554248,0.118136842839621,"tweedie",3996.63694192561,0.0662854877499907,0.0866369347842103,1.84668334881462,0.159990984858339,0,1.5,"quantile_regression",2853.51752823537,0.139461291704725,92.85217359653,6.77755977351663,227.187900901976,62.578747663598,"wilcoxon",0.0501858861832515
"lm",2823.79221329474,0.471194503149103,39.4311323415794,0.721921395711163,28.4661780945046,"anova",0.262131370784045,0.1592474668539,0.141607019679359,"tweedie",4396.73079074168,0.471669256578915,0.095827193887977,0.72114773999938,0.069105564302797,0,1.5,"quantile_regression",2877.48964480062,0.850997673955185,14.142003864874,-84.4566521792248,127.815462343909,75.1868937441543,"wilcoxon",0.377082261505981
"lm",2818.44099780527,0.00356592715299631,38.9071339764644,2.94952619642294,114.757610891319,"anova",0.0130265640323754,0.314800740740388,0.125633805404917,"tweedie",4160.8959820215,0.00386167243143692,0.0929989569873497,2.92372201580884,0.271903097991174,0,1.5,"quantile_regression",2866.85741670365,0.033976421792925,149.010462905082,34.2003994938472,300.262012938638,69.7887431401991,"wilcoxon",0.00386091490945929
"lm",2813.89557160514,5.23261847243119e-05,38.4675127739605,4.13540750143054,159.078840886811,"anova",0.000179439253846292,0.487244134525894,0.127595143657336,"tweedie",4168.10355101579,6.83461285622903e-05,0.0916887009143482,4.06834359492045,0.373021139091465,0,1.5,"quantile_regression",2859.69626044118,0.000773010573905442,241.718787207871,150.812000008157,309.505539932628,70.7760273850277,"wilcoxon",8.3169749067204e-05
"lm",2790.59959773877,2.87412508982069e-05,36.2911578556369,4.28297548315539,155.434139351015,"anova",5.51285230234005e-05,0.553215102219307,0.134198240080446,"tweedie",4089.16913633919,4.21582922201715e-05,0.0896208277103231,4.18906941130358,0.375427867977023,0,1.5,"quantile_regression",2830.91122375631,0.000447466065022883,210.895595833093,141.460376804133,310.35718488745,59.0688357933263,"wilcoxon",4.19730684581677e-05
"lm",2798.96206738169,0.442298070154479,37.0578535323248,0.769864016868064,28.529507976904,"anova",0.571658372541985,0.0730141217128097,0.128873905516279,"tweedie",4116.49803187241,0.442407640347125,0.091259003411719,0.7696789078283,0.070240130075431,0,1.5,"quantile_regression",2855.52911118006,0.400815478644012,55.895227131165,-79.6405500101493,205.972519014532,66.3855291088682,"wilcoxon",0.474799846010203
"lm",2783.40252622561,0.0297005602387934,35.6440220216385,2.18989096145239,78.0565216549959,"anova",0.00514368373740623,0.31492163503147,0.111303010570283,"tweedie",3892.16970992648,0.0315016729692508,0.0907286749692374,2.1660588883943,0.196523652849354,0,1.5,"quantile_regression",2824.96600956147,0.170593189952188,78.929180297417,4.24846259541043,174.863410797186,57.3906132091563,"wilcoxon",0.0156175186830487
"lm",2791.80921698167,0.00232056284806886,36.4010701691603,3.08580488841188,112.326600271419,"anova",0.00254007429251367,0.36005820553812,0.117761513683099,"tweedie",3961.08385289026,0.0027085967831652,0.0906015755659485,3.03729559438557,0.275183766310847,0,1.5,"quantile_regression",2820.78829498037,0.00528243912397608,154.772448326198,104.972013677552,224.906713834133,54.8735462383918,"wilcoxon",0.00138781010994531
"lm",2820.72954145152,0.147022490852066,39.130373670373,1.45583318849005,56.9672966673465,"anova",0.104544761678532,0.199371519114556,0.122261835581102,"tweedie",4190.94844443589,0.149187154880133,0.0940438504986821,1.4480411641572,0.136179366757938,0,1.5,"quantile_regression",2869.80424918909,0.321247190604192,75.652615357217,16.4560438085191,239.869308010635,76.0794975635294,"wilcoxon",0.0963672676778387
"lm",2792.72581433956,0.00183602269185431,36.4845786240087,3.15819343614655,115.225356730917,"anova",0.00546376720868631,0.364594040298412,0.129783819160083,"tweedie",4076.78412005113,0.00200177166391811,0.0902918191791571,3.13162855623675,0.282760439336013,0,1.5,"quantile_regression",2842.02560102508,0.00477080430530918,178.623156261416,86.2518158388509,300.899067070685,62.5782700073236,"wilcoxon",0.00192294467813768
"lm",2782.66750296957,0.0254584557801537,35.5785842001409,2.2514038886649,80.1017628213888,"anova",0.006869432566036,0.339556302899575,0.124300390489996,"tweedie",4029.75662102375,0.0271970510106397,0.0918071608810448,2.22518886654713,0.204288272261802,0,1.5,"quantile_regression",2827.5980530332,0.0420722579259363,121.611581735671,20.1289082563538,224.348325819922,59.4369148971148,"wilcoxon",0.0148984982665278
"lm",2796.32739642298,2.25913565077307e-05,36.8145675089319,4.34121613974056,159.819994647344,"anova",9.75383065821295e-07,0.59026011193404,0.116760968465075,"tweedie",4031.3093507396,3.74739014643121e-05,0.0947735912309178,4.21810745741275,0.399765191936922,0,1.5,"quantile_regression",2836.16082702628,0.00356915460883234,189.475330313147,122.637246458699,291.82463973091,64.245603842685,"wilcoxon",6.35679229634265e-06
"lm",2799.91200313397,0.0846098203735363,37.1459645656224,1.73324015349766,64.3828773255379,"anova",0.024345908099759,0.272764519006051,0.12021299095607,"tweedie",4106.99729962054,0.0873004047818091,0.0969444254528328,1.71832565783478,0.166582093639654,0,1.5,"quantile_regression",2837.90979280021,0.0247323222454736,131.181631566724,33.2993154530849,222.378248594116,57.9727075169969,"wilcoxon",0.0490508102085259
"lm",2772.91231729333,6.78473615374054e-05,34.7213900586215,4.0701937513955,141.322784856367,"anova",5.5577401490171e-05,0.441500634202133,0.107151420486774,"tweedie",3767.72761343648,7.08117625600059e-05,0.0899435980976422,4.05938241551805,0.365115460505991,0,1.5,"quantile_regression",2803.71695465707,0.02974902045407,118.620680528324,57.3743748222088,216.264887255185,54.1836570288323,"wilcoxon",0.000126870569509468
"lm",2785.94893667474,1.43696715443044e-05,35.8716565919969,4.44912654655722,159.597539612438,"anova",2.60674164006017e-06,0.583062901107038,0.120463920663059,"tweedie",3997.58646489502,2.26166062798202e-05,0.0917342534481937,4.34094726875515,0.398213556957229,0,1.5,"quantile_regression",2834.09860070754,0.023603349925462,151.378167185193,68.5559491279672,278.497942789907,66.3602661769226,"wilcoxon",1.31385905152448e-05
"lm",2785.57806122901,0.602635897638969,35.8384122147127,0.521450277969393,18.6879500113436,"anova",0.0514862150855017,0.232370138691901,0.118601027117964,"tweedie",4007.01838774745,0.604021966606841,0.0943722571751723,0.519457453699362,0.0490223724120764,0,1.5,"quantile_regression",2823.18477603454,0.709498708245226,21.041621712774,-74.5268928308254,164.442338774442,56.4019362953684,"wilcoxon",0.221361372569283
"lm",2797.21271340723,0.0469184883572715,36.8961391512912,1.99952644520809,73.7748059590846,"anova",0.00884575172793422,0.282002141334413,0.106650831996287,"tweedie",3877.19896637639,0.0497021470862119,0.0873676291771977,1.97461283461943,0.172517241903565,0,1.5,"quantile_regression",2845.54931688942,0.0398432140911398,135.398192448427,35.1049085630836,246.180669351354,65.4408321586804,"wilcoxon",0.0269329204589403
"lm",2798.787624548,0.00253718673021178,37.0416958633656,3.05787738381425,113.268964038712,"anova",0.000476149748971201,0.462119451329359,0.130065562518603,"tweedie",4206.79297101329,0.00294231974364228,0.10048475940572,3.0110842885275,0.302568080283028,0,1.5,"quantile_regression",2826.07247787463,0.0149252297403879,137.054734963677,91.3735179252759,188.158995574473,55.8119804224263,"wilcoxon",0.00119046285449178
"lm",2812.04370923612,0.111291341211187,38.2898330409961,1.59955694602055,61.2467684026923,"anova",0.0988852158496797,0.214705731449822,0.12949076452694,"tweedie",4200.71781513649,0.112838992937097,0.0948224817183619,1.59262727627822,0.151016870789056,0,1.5,"quantile_regression",2858.00766322632,0.12257117436076,103.700910671425,13.1877257864504,209.218732347413,66.8737349298543,"wilcoxon",0.0973498944990901
"lm",2803.59048653531,0.0113511000911687,37.4891421485815,2.55559594956698,95.8070998276557,"anova",0.0689376019849029,0.240104339754365,0.131292386023782,"tweedie",4111.0423312695,0.0111063646086043,0.0911575622113073,2.56342834234343,0.233675878591399,0,1.5,"quantile_regression",2852.04120898564,0.304807911926547,70.521995943874,-6.13287143117204,200.300399670761,68.5448511466914,"wilcoxon",0.0208757453225896
"lm",2820.28318152137,0.180413382130838,39.0867324473727,1.34422613634977,52.541407340269,"anova",0.0674460161404771,0.228301656433305,0.124159614691875,"tweedie",4183.28920744684,0.183551832468724,0.0906947400160786,1.33456375567481,0.121037912855809,0,1.5,"quantile_regression",2873.96841201604,0.20959090217938,97.339427792601,-12.6711774764896,185.761927591058,77.3282129827337,"wilcoxon",0.142306692915092
"lm",2771.26265545421,4.00139906301634e-07,34.5784885546629,5.24484734908672,181.358894031349,"anova",8.24575073861255e-06,0.600147220264706,0.13106459477083,"tweedie",3929.62151431058,7.42067262066772e-07,0.0879648077323427,5.1139721518842,0.449849577089048,0,1.5,"quantile_regression",2813.86230766752,0.000104288156614674,240.369847910538,154.37436612191,315.717414123188,60.691714219657,"wilcoxon",1.00609363310337e-06
"lm",2815.59175835313,0.000401518522140331,38.6309793297574,3.60046094708637,139.089332424493,"anova",8.5233373600579e-05,0.503687398194717,0.125536866883127,"tweedie",4199.47107225303,0.000536245254187289,0.0961917456921642,3.51957564114132,0.338554125017001,0,1.5,"quantile_regression",2859.76226033711,0.0110187592150321,169.318835592345,93.7764068690851,338.096664178809,65.9785845101226,"wilcoxon",0.000248441027403959
"lm",2818.52353947532,0.00283753207298775,38.9151634544326,3.02258981006191,117.624576514262,"anova",0.00081836816668409,0.447572075669299,0.131686116882752,"tweedie",4257.93217611154,0.00319252260742926,0.0943104047930713,2.98506695035254,0.281522872422167,0,1.5,"quantile_regression",2873.86343408974,0.0536594691864427,150.778391947258,29.1477878323602,273.841033879289,77.6747459987008,"wilcoxon",0.0020707588309885
"lm",2797.70129039415,0.003659450045461,36.9412331968154,2.94116070571314,108.650103499059,"anova",0.00109637139883875,0.433601855546507,0.130868942715769,"tweedie",4122.26079952089,0.00400030624415533,0.0938709578334671,2.91224365334812,0.273375101184224,0,1.5,"quantile_regression",2843.04729182293,0.0736772116424598,104.01472803364,22.8143177426688,235.881705189568,57.8455382873757,"wilcoxon",0.00348829857136876
"lm",2783.66484179077,0.00192884655181325,35.667404642285,3.14305561949401,112.1046365937,"anova",0.000878144731509078,0.404399138020094,0.119704437793778,"tweedie",3964.14720952483,0.00225149982319544,0.0895705590554694,3.09521572548067,0.277240202928584,0,1.5,"quantile_regression",2825.94407150464,0.00123141919421066,202.63129557166,86.8137788575082,254.219541450653,61.8002716898645,"wilcoxon",0.00166986165706512
"lm",2812.70070250538,0.395842421336017,38.3527751239753,0.850918651403798,32.6350916860862,"anova",0.102706453015272,0.204136464210733,0.124514855324014,"tweedie",4146.64567521974,0.397597023696037,0.0918045076233815,0.847756835453524,0.0778278988631668,0,1.5,"quantile_regression",2865.5460294156,0.266111308354094,80.399769594584,-27.1475295174961,190.019669868627,72.0937086297512,"wilcoxon",0.386390713399902
"lm",2795.00441162289,0.00109770196218183,36.6930058669141,3.31289431428897,121.560050510672,"anova",0.000589831999477324,0.435307556659893,0.124635773723812,"tweedie",3987.43257075047,0.00124170194575504,0.0895933613823804,3.27633281749626,0.293537670126895,0,1.5,"quantile_regression",2843.47334498226,0.131826028956367,101.476953062574,6.8122378200362,208.350625261605,67.061621470198,"wilcoxon",0.000749897147626024
"lm",2797.62004877542,0.0022878905151966,36.9337310447426,3.09022427646984,114.133512295071,"anova",0.000279349082567145,0.459354651414839,0.124151117856868,"tweedie",4067.21988521055,0.00276927315362316,0.0914305374220016,3.03029665501087,0.277061651715738,0,1.5,"quantile_regression",2842.06907103417,0.0380361843820136,140.498155001797,50.4316124418278,272.332344634932,67.2739944830371,"wilcoxon",0.00136448035932726
"lm",2764.70123168392,9.21170215045531e-05,34.0159050634586,3.99240172202259,135.805157951509,"anova",2.02673966016974e-06,0.565829567314145,0.11557293127845,"tweedie",3872.312633748,0.000144872367999803,0.0939887332733053,3.87506769466505,0.364212703969876,0,1.5,"quantile_regression",2793.9788748706,0.00165207379427201,167.467056262831,104.580338271621,251.395439991524,52.490749519868,"wilcoxon",2.23021030395627e-05
"lm",2811.1916001282,0.813841884970948,38.2083520714678,0.235786717159939,9.00902190302256,"anova",0.405088179149333,0.108526332540582,0.130072604024215,"tweedie",4215.69340089415,0.814030009235876,0.0934590089019441,0.235543959875609,0.0220137050428137,0,1.5,"quantile_regression",2863.98914214654,0.90035084448495,9.54247209150401,-90.7955842024946,105.55774444564,76.1091078936814,"wilcoxon",0.675186026619866
"lm",2792.33829616172,0.00421344796772888,36.4492496464796,2.89528712272983,105.531043134617,"anova",0.00212403922349636,0.386562790088155,0.124164709964152,"tweedie",4057.62440855167,0.00486188868512593,0.0929860327800849,2.84813192141347,0.264836488206559,0,1.5,"quantile_regression",2840.41669300554,0.00975312851812404,172.77394537551,32.2722449649005,285.811675049911,66.2032292663365,"wilcoxon",0.00192294467813768
"lm",2804.44908050005,0.0378180666024586,37.5696984520771,2.09084519984999,78.5524236683371,"anova",0.0284120148359517,0.26767401343514,0.121244464648397,"tweedie",4064.95222266486,0.0394338151561555,0.0901058910410201,2.0733518822877,0.18682121879511,0,1.5,"quantile_regression",2849.58185772716,0.0341885875105932,128.928965714925,48.3566905847129,185.408592159491,60.4560261861181,"wilcoxon",0.0277876244001023
"lm",2786.9091388944,4.64529771743032e-05,35.9578701393519,4.16504025672037,149.765976676324,"anova",9.69144605713413e-05,0.496393061613122,0.124741431375613,"tweedie",3995.90730570604,6.96527848991787e-05,0.0867935872918228,4.06355696289693,0.352690685974489,0,1.5,"quantile_regression",2829.47767209437,0.00473081014307075,167.110591045578,115.124662066064,291.174755106942,58.4879293533672,"wilcoxon",5.62709087218376e-05
"lm",2816.88968369069,0.0162859229395582,38.7565332363092,2.42315366222034,93.9130354465269,"anova",0.00829533725448737,0.351538731854505,0.131829384614445,"tweedie",4275.78216230692,0.01754903841573,0.0934799412425676,2.39507180584397,0.223891171682025,0,1.5,"quantile_regression",2875.27909527588,0.0548980792030798,140.080607216997,6.02138278024492,303.054321899633,72.5391066915661,"wilcoxon",0.0106321162496822
"lm",2786.48245760699,0.000168939585530314,35.919534213706,3.83462729741383,137.738026406267,"anova",0.000269229870281083,0.433067307307325,0.116730695790985,"tweedie",3897.68192895077,0.000205105815379795,0.0852843000825577,3.78311702432784,0.322640487550208,0,1.5,"quantile_regression",2833.60324388661,0.00537739917986313,173.910021807068,94.685773276017,248.852052954096,61.7890968313215,"wilcoxon",0.000234589486695214
"lm",2809.36100025382,0.00996171973327625,38.0338910750582,2.60224874580451,98.9736453481353,"anova",0.00183148632654393,0.39725977308342,0.125756854399076,"tweedie",4208.77633863623,0.0112184259532339,0.0966628363832688,2.55982301696242,0.247439753458764,0,1.5,"quantile_regression",2860.11224184953,0.0060513264726767,183.936708609017,43.4871838756139,299.749042315584,66.2866550537116,"wilcoxon",0.00430232915545972
"lm",2791.94437387964,0.135616791513726,36.4133718866885,1.49841987273357,54.5625200682519,"anova",0.457685071371876,0.0945285018101538,0.127033670181153,"tweedie",4084.42013603121,0.134248658476561,0.0945890335901698,1.50371292723101,0.142234752583827,0,1.5,"quantile_regression",2829.17031337651,0.59764439694821,31.651414020583,-37.3893795186611,126.366323586304,59.8728164580124,"wilcoxon",0.231681394690777
"lm",2800.50824839115,0.0308007776666441,37.2013761169447,2.17518934192867,80.9200368346576,"anova",0.0342252948523903,0.261456447166485,0.122624792435968,"tweedie",4055.61929792855,0.0321467737440827,0.0933921725206713,2.15780913285953,0.201522482802698,0,1.5,"quantile_regression",2836.26442884469,0.0427275785471475,109.369964019801,40.3301563793128,201.445185256415,53.6256012469659,"wilcoxon",0.0198182416088933
"lm",2810.01497585374,0.0731183848508313,38.0961250273852,1.801671428088,68.6366999827079,"anova",0.0451937864589504,0.267398307564805,0.132664483354651,"tweedie",4229.57956445203,0.0746920539499849,0.0964543614944082,1.79179991105491,0.172826916346539,0,1.5,"quantile_regression",2842.21018592959,0.0243131317712799,116.104015267324,62.5879900642979,187.692482723313,51.1575190018879,"wilcoxon",0.0568292718714211
"lm",2809.04534006698,0.00153874932511329,38.0038884519994,3.21195752978946,122.066875674678,"anova",0.000184805705157195,0.453606485099261,0.119030037507607,"tweedie",4016.21868615843,0.00187315146384416,0.0887831713902242,3.15205526114205,0.279849462481433,0,1.5,"quantile_regression",2862.11864494738,0.101198329617175,114.297740119351,-9.29163613700809,258.783855147188,69.4086177264758,"wilcoxon",0.00079781638170115
"lm",2809.35318194783,0.0261680274528948,38.033147680827,2.24052197962336,85.2141033331542,"anova",0.0377022857374754,0.260195268235561,0.124369001267635,"tweedie",4103.09420068945,0.0270447707827229,0.0938574779722785,2.22742577477498,0.209060565590828,0,1.5,"quantile_regression",2852.95475970257,0.0445405299743802,134.229144297834,45.7829801376957,247.09388545041,66.3901896084393,"wilcoxon",0.023287392170647
"lm",2795.02892950845,0.00200279747440568,36.6952550231409,3.131470579348,114.910111506638,"anova",0.000594237964568822,0.472010609239514,0.135226219371769,"tweedie",4251.95820094297,0.00243259465844029,0.100647011702109,3.07107497612245,0.30909451905985,0,1.5,"quantile_regression",2833.39814225509,0.0189537536515023,143.905890773489,76.9526210323101,234.451660399292,60.8258838925752,"wilcoxon",0.00079781638170115
"lm",2817.10364105401,0.113470451423496,38.7772693957896,1.58982157076753,61.6489393408898,"anova",0.090939557847686,0.208728394920913,0.122872733318905,"tweedie",4079.16273271615,0.113636685528848,0.0885866438507957,1.58908501833702,0.140771708568057,0,1.5,"quantile_regression",2868.78024002602,0.344366605380039,67.372943483092,-13.3825617135329,188.101863034906,71.0805489469328,"wilcoxon",0.1270356773591
"lm",2804.24094099461,0.0329421192247944,37.5501541912955,2.14783252605297,80.6514425303688,"anova",0.0158255351732895,0.282277888785977,0.115979021482016,"tweedie",4025.09833867965,0.0345065369305098,0.0902237826334035,2.12880035124429,0.192068420160578,0,1.5,"quantile_regression",2854.73589860415,0.0959338782809038,114.215529122039,2.47170885224315,234.385701873757,68.2755558312083,"wilcoxon",0.0299348745750237
"lm",2795.46974450275,0.000667305521354614,36.7357168608614,3.45749543322226,127.013573282574,"anova",0.000473776937251235,0.431234563932288,0.121325119689611,"tweedie",3992.33633707166,0.000879633654158533,0.0874882143803286,3.37782070400378,0.295519501890195,0,1.5,"quantile_regression",2836.45644779044,0.000473128280939594,198.092214501122,134.348826063356,294.553424362564,55.7259810642038,"wilcoxon",0.000477940660186167
"lm",2804.02772145146,0.0308595207163281,37.530143458314,2.17441724437906,81.6061911197778,"anova",0.0200391456224478,0.297430558578957,0.126858864703499,"tweedie",4134.93186831115,0.0325896264375356,0.0955162924850993,2.15222816284661,0.205572854697124,0,1.5,"quantile_regression",2844.44405948222,0.023915250577095,137.359427111733,20.6193916775513,226.895321402424,60.3508522102577,"wilcoxon",0.0169213308800823
"lm",2810.89590625302,0.0276583648009316,38.1801175694951,2.2184782696619,84.7017611610614,"anova",0.00998496045445343,0.33090827028597,0.127202860426851,"tweedie",4176.74021438411,0.0288954168596703,0.0943861656310338,2.20095166213929,0.207739388128578,0,1.5,"quantile_regression",2863.77708688745,0.114899041005718,109.975658478493,10.7102130423044,251.094751545089,69.4501460116371,"wilcoxon",0.0222665292019377
"lm",2799.29089194697,0.221050018841992,37.088329888772,1.22761226918894,45.5300888151831,"anova",0.0567898681199402,0.231079999763858,0.120597734668034,"tweedie",3982.56259947043,0.224245981637695,0.0878812855914063,1.2191280381275,0.107138539291174,0,1.5,"quantile_regression",2845.76109415986,0.164512019903342,91.66499701787,-29.6881422286631,176.39558081835,65.6992458559704,"wilcoxon",0.149760555423357
"lm",2808.55925555036,0.00343030385287168,37.9577337471683,2.9620219992134,112.431642399397,"anova",0.00720105640051007,0.363395204898541,0.133819003061062,"tweedie",4266.75975045019,0.00386055852350268,0.0948301585909942,2.92381576097343,0.277265912303958,0,1.5,"quantile_regression",2852.41479903753,0.0180048162186952,150.416230923311,80.6797127544674,262.891382562803,63.0576519209351,"wilcoxon",0.00457464520851474
"lm",2791.96175167184,0.155867637775486,36.414953881077,1.42452887535946,51.8741532984774,"anova",0.0530211672864635,0.224859598654427,0.115525640397865,"tweedie",3937.62028487879,0.157489891238597,0.0856390200507414,1.41893604778921,0.12151629264734,0,1.5,"quantile_regression",2840.4072341593,0.703273779331724,24.121554047153,-100.008580990763,118.301645809434,63.2354460532764,"wilcoxon",0.143640325338137
"lm",2817.92830891563,0.00546996527230756,38.8572977830712,2.80886131778952,109.144760656697,"anova",0.00169222594519975,0.450831326507226,0.141632589013527,"tweedie",4257.86406318987,0.00650926855383667,0.0927472128644523,2.75011899205123,0.255065871558348,0,1.5,"quantile_regression",2862.72944341508,0.00294428942104519,206.671037430109,97.3770797248328,277.669023055624,68.6415966448115,"wilcoxon",0.00327557657314723
"lm",2805.25073688786,0.608707372099927,37.6450689252557,0.512736241932382,19.3019911680211,"anova",0.330482723893528,0.11441732746401,0.117286123676503,"tweedie",4023.452808265,0.609170125579124,0.0888285591788948,0.512073686978316,0.0454867678077082,0,1.5,"quantile_regression",2857.45701834761,0.952541569846673,4.04311669600099,-72.327879428293,148.486040911902,67.8478905535164,"wilcoxon",0.530836727341875
"lm",2800.02480066772,0.147542868227237,37.1564409756737,1.45395199064858,54.0236813219971,"anova",0.0392880641994757,0.275063774113845,0.1325669590614,"tweedie",4197.13213775537,0.149312655947638,0.0971147223486189,1.44759207959745,0.140582502884166,0,1.5,"quantile_regression",2848.09700550808,0.776407682793605,19.269793124175,-60.8673866423323,152.105046865,67.7580120738598,"wilcoxon",0.0829918476337188
"lm",2796.54704680284,9.20971155111933e-07,36.8347888948116,5.06764767897231,186.665732448227,"anova",1.56268189484303e-07,0.70961569198796,0.130447541468421,"tweedie",4191.10140924124,2.54142889167312e-06,0.0964252921976772,4.84578420176781,0.467256157582349,0,1.5,"quantile_regression",2837.74241179088,1.53400864131292e-05,276.002234293743,152.578471871007,363.604191649494,62.2515498074378,"wilcoxon",9.81410817785887e-07
"lm",2809.83947081086,0.00556172903116119,38.0794135387005,2.80328371035919,106.74739967307,"anova",0.00852977309903421,0.353349366592719,0.132993357352032,"tweedie",4230.14402715072,0.0058975068185134,0.0944332310323674,2.78356320239597,0.262860866985055,0,1.5,"quantile_regression",2862.23324371814,0.0536224031524675,136.160045867121,35.6439573041225,273.356476090211,70.1330131650342,"wilcoxon",0.00591461959128996
"lm",2791.99184622603,5.223626670896e-05,36.4176937136511,4.13583670804195,150.617634483147,"anova",0.000155874211171032,0.481256014608838,0.12481199619935,"tweedie",4098.69033946818,6.87755779723394e-05,0.0972228166025298,4.06676085330797,0.395381944607508,0,1.5,"quantile_regression",2826.04713054835,0.000680271274641431,207.010332888813,108.03539722828,311.879975739797,59.9683862598833,"wilcoxon",4.86261445311919e-05
"lm",2812.25273347193,0.0883217006619585,38.3098470275285,1.71276221451199,65.6156584324854,"anova",0.00505031229705062,0.355392207159416,0.125336419140456,"tweedie",4145.56178379643,0.092081885177431,0.0941427500118437,1.69271860998913,0.159357184940602,0,1.5,"quantile_regression",2856.39660359085,0.0661825989842137,113.477692778104,-13.5036390406059,211.915503095382,61.4259549573303,"wilcoxon",0.0330186202021761
"lm",2754.29321218083,0.0033836695357436,33.142225441018,2.96642355774085,98.3138783041938,"anova",0.00137910667209998,0.414547111257936,0.127751276669927,"tweedie",3882.14249775975,0.00351617833765797,0.0944111241348918,2.95405844063418,0.278895978140438,0,1.5,"quantile_regression",2777.66206718304,0.19168275713755,64.587264846729,4.85525320171996,138.100185284812,49.2998150533811,"wilcoxon",0.00383101747671371
"lm",2808.80079655985,0.631044501339102,37.9806615422936,0.481004356390093,18.2688636604209,"anova",0.250228275089078,0.145186238875306,0.125901175721642,"tweedie",4110.79949092635,0.631638470048017,0.0902449569429401,0.480167311579932,0.0433326783589382,0,1.5,"quantile_regression",2857.19490746511,0.207158934838428,81.342831982858,-13.1962300547619,183.365666996464,64.2743348817728,"wilcoxon",0.543730044510414
"lm",2794.16687712933,8.11248693008611e-05,36.6162570994141,4.02486437983263,147.375468922226,"anova",4.8931397542134e-05,0.513913149302407,0.123771194869371,"tweedie",4100.53075220682,0.000126330871408353,0.0939534625641047,3.91083606728507,0.367436590042019,0,1.5,"quantile_regression",2835.64925067168,6.55521546972793e-05,257.941046957074,173.202854911892,369.299716520041,63.2382287513469,"wilcoxon",6.37166676115616e-05
"lm",2799.12728516405,0.0501826996510221,37.0731632348497,1.97043197059711,73.0501460891131,"anova",0.0443362098651355,0.246640047463596,0.12187070731968,"tweedie",4015.83881829925,0.0518949766155676,0.0864224138795059,1.95580458588765,0.169025353389018,0,1.5,"quantile_regression",2851.73186581642,0.117560672962604,111.530247893043,13.1605235293536,226.731761545072,70.9506278054232,"wilcoxon",0.0429343896479115
"lm",2809.84320476111,0.0589427551093933,38.0797690069493,1.89957270318559,72.3352897492134,"anova",0.00575174637002978,0.330322248372022,0.118310466513191,"tweedie",4078.58023948728,0.0620717725366164,0.0939091002289321,1.87639871768613,0.176210915248627,0,1.5,"quantile_regression",2846.82330820323,0.031553467331094,116.128114541966,42.308200972859,230.403760521359,53.6291625054182,"wilcoxon",0.0283115923111195
"lm",2773.56725128362,0.835798140396347,34.7782871720756,0.20754425497277,7.21803370035747,"anova",0.828603288792786,0.0275868799110112,0.127257716578795,"tweedie",4044.39443805625,0.835860227903565,0.0937183157174351,0.207464637450452,0.0194432363927846,0,1.5,"quantile_regression",2820.24164643576,0.951320886655867,3.74127355143202,-73.4833801498017,125.363427758417,61.2063914764822,"wilcoxon",0.781530842287596
"lm",2786.80001309384,0.0269587364326765,35.9480616489488,2.22869441670836,80.1172442885,"anova",0.0905967695815328,0.217897418971311,0.128133176208352,"tweedie",4015.42911844295,0.0271725298702371,0.0893121727468819,2.22554833095691,0.198768556990958,0,1.5,"quantile_regression",2830.75547457694,0.298828139967222,63.781638017472,27.4750651228438,186.709286782087,61.2293135232109,"wilcoxon",0.0344509976049821
"lm",2792.24446549671,6.48467574595536e-05,36.4407005058993,4.08160583752529,148.736575908389,"anova",3.44597688091355e-05,0.512090700696409,0.120813462986856,"tweedie",4032.88660255005,8.49392099448506e-05,0.0952748068860979,4.01314930682023,0.382352025212375,0,1.5,"quantile_regression",2827.95489075304,0.000371005052161033,198.945639641938,94.9166193325416,271.78700186902,54.9222214058128,"wilcoxon",2.73984878421248e-05
"lm",2799.81656310352,0.00255595557126261,37.1371025929247,3.05556231753924,113.474731265529,"anova",0.00260668651635345,0.408390360514669,0.13392559978027,"tweedie",4091.90149178751,0.00299545620829379,0.0880326363472118,3.00539324715939,0.264572690807548,0,1.5,"quantile_regression",2847.46767272997,0.00420706624355738,180.830179410578,89.8523441342001,290.87873829974,62.4460326315492,"wilcoxon",0.00228406650574488
"lm",2809.71057990625,0.0795461944544249,38.0671452902437,1.76239107953019,67.0891972827051,"anova",0.0403872609095979,0.264270387862835,0.128080492540025,"tweedie",4272.24931380979,0.0809318758870117,0.0999177609893713,1.75426643123064,0.175282373987381,0,1.5,"quantile_regression",2855.1581122176,0.252926851313974,79.888295836861,4.71892172481097,197.062902966854,69.6735084704971,"wilcoxon",0.0546403245189351
"lm",2811.96610923901,0.0969349877708106,38.2824055341546,1.66780596283248,63.8476242214342,"anova",0.0113744427621873,0.332774356004757,0.130251665728994,"tweedie",4183.45764291344,0.100335591239213,0.0916937392529625,1.65094219184012,0.151381062860302,0,1.5,"quantile_regression",2859.68587683214,0.268116311553956,70.525110033697,-42.5180671227642,180.583665700067,63.5056530012426,"wilcoxon",0.0574679231855992
"lm",2821.04219870692,0.0128588093910633,39.1609716152387,2.51042985988523,98.3108724850133,"anova",0.0121538907773957,0.334946295131834,0.132341569080574,"tweedie",4267.85567808534,0.0137292529702958,0.0926616434852859,2.4864639747122,0.230399838363788,0,1.5,"quantile_regression",2868.40235674023,0.0140082142880202,186.684308081982,105.629616121936,269.751006349225,75.3041891778052,"wilcoxon",0.0141126134773596
"lm",2792.99903831022,0.000578980774426529,36.5095082908669,3.49790146022192,127.706662362608,"anova",0.00325102297676976,0.391126267844215,0.131283258085803,"tweedie",4080.75819546881,0.000664173750732339,0.0944224025013914,3.45883998686463,0.326591981427639,0,1.5,"quantile_regression",2825.61458027284,0.00365126059684551,170.89881031328,99.4519062122933,247.992195143259,58.0915940094603,"wilcoxon",0.000523585805860179
"lm",2788.49792800325,0.00350175078943161,36.1009778422934,2.95538382447334,106.692245962784,"anova",0.000303283845664507,0.469253974918333,0.127597991951514,"tweedie",4005.39610490592,0.00398255994472892,0.0904408583934308,2.91369247887114,0.263516848883589,0,1.5,"quantile_regression",2833.85875753585,0.0973958761875502,103.704824308198,22.475935403631,210.715463566105,62.2667513685316,"wilcoxon",0.00237874274893917
"lm",2811.05289840214,0.0671806293776094,38.1951054573059,1.84057382829715,70.3009114737669,"anova",0.00990931587523214,0.333343966081416,0.128006368772222,"tweedie",4150.31495103168,0.0705002982302979,0.0902106582250173,1.8184897153832,0.164047154200142,0,1.5,"quantile_regression",2861.35781214661,0.101338217334879,116.036959022684,49.2271681482136,222.949208596368,70.4938507211555,"wilcoxon",0.0465754881822543
"lm",2787.53694426129,0.0220871790860862,36.0143508109819,2.30703268527457,83.0862844598801,"anova",0.0140007360303017,0.310465498897116,0.125224769936746,"tweedie",4119.06981011657,0.0234289048395764,0.0993241882975754,2.28405859336145,0.226862265809728,0,1.5,"quantile_regression",2823.13001085783,0.0190693240297819,132.237635734876,69.5114676114545,190.702711538265,55.9487597860194,"wilcoxon",0.0137335674559214
"lm",2811.60639315393,0.0230679491627055,38.2479940168285,2.29012355216355,87.5926319209493,"anova",0.00923648099619608,0.340004746112787,0.129329891040058,"tweedie",4249.31092877746,0.024055264800303,0.0993152135604675,2.27372545893216,0.22581552953172,0,1.5,"quantile_regression",2854.87692231657,0.261463788815526,70.542394707385,-3.80165280747551,237.797611388225,62.6401438272887,"wilcoxon",0.0177252094517569
"lm",2805.90611819746,0.0435380553475105,37.7067991689369,2.03152532721078,76.6023175197455,"anova",0.0203187424461953,0.302777620900994,0.129433113752305,"tweedie",4124.98728714306,0.0458880669732161,0.0906875423576661,2.00906699863566,0.182197348538161,0,1.5,"quantile_regression",2849.9376246279,0.0193153318700841,146.185572859136,-2.3074819480936,202.828910724004,61.9782865198501,"wilcoxon",0.0316375291759064
"lm",2811.09081171547,0.17816041296088,38.1987258863829,1.35124021324646,51.6156545124591,"anova",0.0193753712231461,0.29077590030129,0.123342224246718,"tweedie",4184.62119684058,0.180690719349054,0.0964825306228279,1.34336725576951,0.129611472392486,0,1.5,"quantile_regression",2858.99130741365,0.545523681883637,39.290227312181,-89.5977189042948,180.586430875732,64.8862215587633,"wilcoxon",0.0897092181432436
"lm",2793.94096021479,0.00257115378538098,36.5955823588653,3.05369912443052,111.751897807292,"anova",0.004197526797181,0.375997674597396,0.129809859841446,"tweedie",4142.95893585053,0.00283809719232132,0.0945757824248658,3.02252671966845,0.285857829412707,0,1.5,"quantile_regression",2838.94692463293,0.0083443139674233,170.451466775814,88.3431677514327,291.337056578511,63.9696644867763,"wilcoxon",0.0029549821408488
"lm",2798.18978849872,0.00399006885902012,36.9863750618421,2.91307872428334,107.744222281016,"anova",0.000572446263392586,0.457525278795211,0.130679828929421,"tweedie",4102.04585460553,0.00477319845407878,0.090368487980851,2.85422984470036,0.257932435415391,0,1.5,"quantile_regression",2837.87091443652,0.0195778867760195,137.680726248299,68.6194633927417,217.719900753424,58.5004677512363,"wilcoxon",0.00200382202096383
"lm",2799.89354121874,0.000182278591630189,37.1442501410644,3.81451063200727,141.687137081028,"anova",4.48738374439941e-05,0.482057511340451,0.115501083019168,"tweedie",4011.44984784282,0.000225755753641275,0.0942334701266398,3.75744699324172,0.354077268990076,0,1.5,"quantile_regression",2842.85366232975,0.00990516544524112,167.313064280458,82.5858093368375,262.786432075131,64.2456979653212,"wilcoxon",0.000108145604361082
"lm",2822.84027900107,0.70930520547207,39.3374042967054,0.373326015113849,14.6856763910114,"anova",0.179802336069465,0.176173989237798,0.130875205638927,"tweedie",4270.76859054166,0.709868684287504,0.094663002330722,0.372567733290481,0.0352683802048286,0,1.5,"quantile_regression",2874.28394813493,0.273050447215777,92.908713682691,-34.6549037642911,149.297062631876,84.5301046760007,"wilcoxon",0.465786626527973
"lm",2802.19685408178,0.236965413785868,37.3587542086754,1.18619836451802,44.3148931427614,"anova",0.050388287220431,0.251691280086653,0.127849446415027,"tweedie",4117.11758935173,0.238894422229088,0.0905546526459262,1.18131537166954,0.106973603146829,0,1.5,"quantile_regression",2843.86537407949,0.825439193289812,11.056560667103,-78.6260015047622,122.195023740772,50.0643634157426,"wilcoxon",0.194900457149291
"lm",2798.10511569182,0.0107291671353369,36.9785465399657,2.57580793448174,95.2496335832458,"anova",0.014463353845998,0.317454627148465,0.128665767550749,"tweedie",4052.64478535078,0.0119347136320379,0.0886310684412395,2.53751100018444,0.224902311127745,0,1.5,"quantile_regression",2850.31269826166,0.0280105436316185,146.754539484592,23.4352959966983,307.790604184184,66.3021539977231,"wilcoxon",0.0096319257061652
"lm",2784.09234862245,0.0616776692261313,35.7055451682055,1.87926307953929,67.100112769431,"anova",0.0283026232582888,0.276208941467668,0.125022867852927,"tweedie",3978.06797718153,0.0632299465331477,0.0889973577832825,1.8680679009812,0.166253107347089,0,1.5,"quantile_regression",2833.04527865103,0.212708470941461,75.675427682492,-5.01517082603297,178.055150391889,60.5315106326965,"wilcoxon",0.0431862390395513
"lm",2783.30239207588,0.00287797951123665,35.635100178816,3.01810315226188,107.550408180852,"anova",0.000249571396367734,0.42449722966628,0.113792011987728,"tweedie",3870.52915813864,0.00334105395273562,0.0879094162529572,2.97049474804733,0.261134459283316,0,1.5,"quantile_regression",2820.8761925404,0.0353268772775779,114.751590351741,12.139922880572,204.001064784047,54.1506994324685,"wilcoxon",0.00217501674598367
"lm",2796.81787760775,0.000258369583424149,36.8597373286769,3.72111075919294,137.159165154765,"anova",0.000785562020236052,0.423986340490657,0.124313809004104,"tweedie",4052.2933350295,0.000323808845768567,0.0870073147348928,3.65970542248753,0.318421141531367,0,1.5,"quantile_regression",2847.66697523356,0.00288343755663645,202.9181843487,96.7452879229391,343.330518253368,67.2470717238401,"wilcoxon",0.000281126769804631
"lm",2797.13562974809,0.00402827908060556,36.8890296128157,2.90997181772053,107.346036556352,"anova",0.0013599582713081,0.401275779111838,0.123501834031449,"tweedie",4090.99203359714,0.00455838987137573,0.095221431626727,2.86943851414347,0.27323204328161,0,1.5,"quantile_regression",2834.77742076208,0.0358349757937637,126.686564741995,70.0560121166046,245.649625124652,59.9497199355803,"wilcoxon",0.00228406650574488
"lm",2797.47831167204,0.00302677655846466,36.9206461630078,3.00208208415273,110.838810381308,"anova",0.00288109967586008,0.3717513222424,0.123187857462897,"tweedie",4065.48368688504,0.00323752307570509,0.0959335955837023,2.98058742128607,0.285938468275528,0,1.5,"quantile_regression",2830.20264602646,0.0345602482231326,112.368636230281,49.4675479278525,228.799638562175,52.8008348630199,"wilcoxon",0.00293154807786409
"lm",2765.8596535709,0.00065302543796109,34.1145597715494,3.46367495246439,118.161746195065,"anova",0.000437134626217063,0.449851676837485,0.125767648295732,"tweedie",3881.70686380595,0.000797675036380064,0.0912535776645506,3.40619106297387,0.310827120705384,0,1.5,"quantile_regression",2798.58960884129,0.0212547739523541,113.031922006205,77.2628390047455,248.265246496159,48.6806142537604,"wilcoxon",0.000303200069593691
"lm",2806.46091694948,0.0162642727388623,37.7591346679373,2.42365157111537,91.5149860619028,"anova",0.0401826146732078,0.286886609090136,0.138897736117782,"tweedie",4163.71677937677,0.0173547217890605,0.0886430713652908,2.3992731415994,0.212678940315621,0,1.5,"quantile_regression",2856.12561249956,0.018592637306635,165.474087934692,73.1503884232616,256.676912321123,69.726530519399,"wilcoxon",0.0185623612783149
"lm",2787.88228375455,0.000637883813280993,36.0454571810207,3.47036716478907,125.090971040825,"anova",0.000865163126879984,0.437265177613058,0.129267235214936,"tweedie",4049.51105995123,0.000761142358632977,0.0907926878242472,3.4197260341686,0.310486118264721,0,1.5,"quantile_regression",2834.13449015947,0.00147142228592889,194.02611562199,62.7830043422901,272.760398380643,60.154428902288,"wilcoxon",0.000547902366433053
"lm",2795.21543777004,0.00113998703147004,36.712368933245,3.30171594967599,121.213814057284,"anova",0.00492572902928991,0.34296405334935,0.120600411043286,"tweedie",4100.43585155758,0.00122804929868983,0.101431315868117,3.27962487330894,0.332656666453533,0,1.5,"quantile_regression",2817.84194806865,0.000693168706279224,181.195190070692,129.109574616685,269.289697149718,52.5719673280759,"wilcoxon",0.00234044923054686
"lm",2826.13909026138,0.0134149598335485,39.663162399113,2.49495707430601,98.957887617015,"anova",0.00836518671048088,0.384266057525541,0.144260475989632,"tweedie",4456.2490801214,0.0140015874057266,0.104089363079954,2.47924349833713,0.258062876662028,0,1.5,"quantile_regression",2872.54938966425,0.0852448990385908,112.487184688639,12.4239950061999,298.171832866856,65.0333231822109,"wilcoxon",0.0156175186830487
"lm",2800.37865478784,0.111231134121914,37.1893254182193,1.59982806969097,59.4965266969392,"anova",0.0464734346705274,0.241584738664378,0.120573822014014,"tweedie",4010.64348063175,0.112425755210478,0.0881891073112698,1.59447013673141,0.140614897992822,0,1.5,"quantile_regression",2850.6974824439,0.650465929918094,31.158930803587,-27.439215843704,166.671060382514,68.661442160178,"wilcoxon",0.118735352674363
"lm",2793.15288382054,0.00643926865504024,36.5235530514339,2.75379773854634,100.578477796716,"anova",0.000681946765147265,0.4212597724992,0.122058750887472,"tweedie",4047.06674458308,0.00723130843188089,0.0922283209418307,2.71413139337107,0.250319781226125,0,1.5,"quantile_regression",2836.40853038089,0.0193766890663505,145.229765035718,30.3484533617928,220.397965037837,61.6046916306533,"wilcoxon",0.00404479401639856
"lm",2819.3775909296,0.0788434024541918,38.9983411001744,1.76655613952168,68.8927589016738,"anova",0.0420602394244593,0.254664645455736,0.124458426264748,"tweedie",4196.66504333691,0.0800996566257613,0.0978162461653949,1.75913218041035,0.172071706396487,0,1.5,"quantile_regression",2862.38026423743,0.281868296669363,68.903029580821,-60.3167314508437,208.489912482019,63.8539569481246,"wilcoxon",0.0507616302971017
"lm",2809.31864136661,0.0260532287711653,38.0298636050545,2.24226494915273,85.2730301826727,"anova",0.0103444938206969,0.323590356867976,0.124994288496545,"tweedie",4163.13852283424,0.0277382904683128,0.0940354035351301,2.21732551487951,0.208507099560435,0,1.5,"quantile_regression",2856.93010058256,0.0857861241607616,115.614948058298,22.264871085448,196.147575920873,66.9582253056295,"wilcoxon",0.0132724226668903
"lm",2808.60723487721,0.00024539174483933,37.9622869865246,3.7350199745797,141.789900175396,"anova",0.000262093285472288,0.491253845304876,0.132155477202615,"tweedie",4267.42399590179,0.00031021962974244,0.0981903388490145,3.67142654179264,0.360498616197885,0,1.5,"quantile_regression",2851.62447994275,0.000874645760079673,218.946798951597,88.7206263859819,321.63000145647,64.7872186006778,"wilcoxon",0.000289221621130993
"lm",2797.61436626445,0.524403068677343,36.9332063576405,0.637704117196984,23.5524577555532,"anova",0.248213868282382,0.13186659508302,0.113863548907579,"tweedie",3904.45015953529,0.525208220373339,0.0857117212302027,0.636465390366642,0.0545525441117778,0,1.5,"quantile_regression",2840.50428823402,0.894890993307349,8.02801189334497,-82.1133491405912,88.8686305925255,60.6859589436305,"wilcoxon",0.386390713399902
"lm",2807.66743043533,0.658411315542918,37.8731988694321,0.442775706673642,16.7693323934041,"anova",0.138406452584095,0.209159507801147,0.140587370796743,"tweedie",4271.23175856786,0.659249132784981,0.0965637147673941,0.441615831292098,0.0426440651696558,0,1.5,"quantile_regression",2853.8050204479,0.509388178662109,44.29219742064,-58.6013605440927,163.259223453524,67.0090495886971,"wilcoxon",0.420763915565436
"lm",2811.93833105735,0.00557595054584584,38.2797470874264,2.80242679422232,107.276188913857,"anova",0.00631894863169693,0.36098860675334,0.130783185989353,"tweedie",4257.11279874981,0.00613592646930996,0.0973319851974832,2.77017062885722,0.269626206642434,0,1.5,"quantile_regression",2851.27940746545,0.0329091846809122,137.59232918009,71.3224840953978,247.182947337195,64.0488181066162,"wilcoxon",0.00732667844287311
"lm",2797.14508055731,0.0286348293922879,36.8899012010646,2.20458876949986,81.3270618958265,"anova",0.00391721717805046,0.34944763944996,0.119711626353172,"tweedie",3987.86277918132,0.0306665305522316,0.0894852132730363,2.17695863143555,0.194805607420587,0,1.5,"quantile_regression",2841.4437895716,0.0407319947412845,121.080702870811,34.8845873059204,240.737057584297,58.784583364079,"wilcoxon",0.0161496288708726
"lm",2809.62006765879,0.513629402664018,38.0585324075585,0.654375312060258,24.9045640207516,"anova",0.148504511829538,0.190873404965568,0.131592453519254,"tweedie",4166.5806887883,0.514271964215873,0.0956260158837878,0.653375925840938,0.0624797366625501,0,1.5,"quantile_regression",2855.90566573984,0.968483332960122,2.50307186512299,-97.6438072510345,131.275992428612,63.2719043764122,"wilcoxon",0.369214650437481
"lm",2797.38187032304,0.0199758498170378,36.9117455437308,2.3457916377062,86.5872640296228,"anova",0.0178504362862367,0.313525737543724,0.131257235295221,"tweedie",4159.20082944908,0.020717228260661,0.0968045403562444,2.33178861018348,0.225727724616738,0,1.5,"quantile_regression",2832.31930636132,0.0926454907514582,95.07945942144,15.2352062439967,194.308068091048,56.2676353416833,"wilcoxon",0.0183197148555866
"lm",2806.51828659369,0.00814669026921813,37.7645506266215,2.67291373495096,100.941386064147,"anova",0.00228551106841244,0.396142635154783,0.128178751394931,"tweedie",4211.27613054521,0.00919659129942214,0.100279419260803,2.63049661952824,0.263784673373798,0,1.5,"quantile_regression",2838.33502184708,0.010087668519934,156.174655737356,91.2680315117908,235.383661965888,60.1183495446399,"wilcoxon",0.00410783136707223
"lm",2801.04921614492,0.00447205944331479,37.2517220158435,2.87573571693165,107.12610751817,"anova",0.00046358554771095,0.433707081406197,0.121812294872699,"tweedie",4030.46537977384,0.00533323384000472,0.0857403501522974,2.81733211299494,0.241559041863498,0,1.5,"quantile_regression",2844.19245159595,0.00434501507495977,168.64938063806,58.5889408553508,225.226443395792,58.4531185013007,"wilcoxon",0.00305043759100208
"lm",2792.69476871001,0.00014665663809475,36.4817470171165,3.87185843686965,141.252159979967,"anova",1.1349193235162e-05,0.530957221128634,0.117868762836545,"tweedie",4069.06324536447,0.000213537006897371,0.100746350679843,3.77235323908214,0.380050822312811,0,1.5,"quantile_regression",2826.19797312198,0.0038619283147252,183.746933286583,127.221844711442,335.761915917863,62.8473861335868,"wilcoxon",1.40470956502317e-05
"lm",2784.09312046141,0.00360232231108903,35.7056140655992,2.94624706889519,105.197560783875,"anova",0.000299028430701036,0.467460190612671,0.126977232784877,"tweedie",4035.00970762204,0.00421097199753189,0.093188324561067,2.89547955311283,0.269824888355411,0,1.5,"quantile_regression",2823.63549814515,0.0163609715056565,135.622031092272,58.9774112858776,236.351836298407,56.0090138039395,"wilcoxon",0.00172648858893913
"lm",2812.71809971213,0.0148304300104284,38.3544432381458,2.45801161117045,94.2756668193405,"anova",0.0044220120914866,0.372100373574697,0.129226765993555,"tweedie",4185.28344197858,0.01621961252662,0.0921270346435466,2.42468051826771,0.223378626105982,0,1.5,"quantile_regression",2861.80606367273,0.159932654390895,92.293814962592,31.1457893026992,220.655101027121,65.4289106026017,"wilcoxon",0.0103373229143232
"lm",2800.65129226318,0.125423920902286,37.2146820681827,1.53890551891876,57.2698796195332,"anova",0.0693786643111254,0.21940991697347,0.120168429823441,"tweedie",4045.32418481523,0.12679407188413,0.0888739675861709,1.53331685310886,0.136271952302527,0,1.5,"quantile_regression",2857.03504311516,0.855534623721693,13.934825696138,-48.7976366417413,171.833946171302,76.4394143964332,"wilcoxon",0.0816985522689411
"lm",2797.96010515969,0.343437455528665,36.9651432728534,0.949670421521018,35.1047031935155,"anova",0.0958962059988884,0.219190619542608,0.131012415479607,"tweedie",4104.76056747746,0.345181932656387,0.0893711907336817,0.94623526060034,0.084566171954048,0,1.5,"quantile_regression",2842.51673321561,0.59923325150884,32.819887257162,-27.8643956213203,132.669296663962,62.3535799799965,"wilcoxon",0.306516758389633
"lm",2806.64556096522,0.0680792030834255,37.7765686871275,1.83450840999719,69.3014329573718,"anova",0.0383820794748739,0.282279838797803,0.135407621010661,"tweedie",4197.26860163686,0.0687027473214355,0.0977075818934599,1.83033832754229,0.178837932031077,0,1.5,"quantile_regression",2835.19412592826,0.271151580354232,54.570886405971,-4.96712082958292,147.441340076545,49.4527704643481,"wilcoxon",0.0534213833331185
"lm",2818.51176718133,0.0530406993738509,38.9140181694239,1.94624271523304,75.7361243826873,"anova",0.00988813025451979,0.346543362408171,0.133036247859573,"tweedie",4339.15912473365,0.0557981471994109,0.098045235341742,1.92392322476333,0.188631505351364,0,1.5,"quantile_regression",2867.13732650126,0.127756755359569,107.258628959723,-2.98897686570533,201.013149903917,70.1303348745673,"wilcoxon",0.0241945167375841
"lm",2791.08744414762,0.0276753196319342,36.3354461350769,2.21823349125632,80.6005035365676,"anova",0.00601040859848953,0.318230562518703,0.114588439197616,"tweedie",3935.30989483399,0.0299577749061175,0.0894993911287229,2.18641221778678,0.195682562248318,0,1.5,"quantile_regression",2829.28867104597,0.0359310119522949,114.191065463361,35.0505508558027,208.620320327216,54.0650212789034,"wilcoxon",0.0172618469175981
"lm",2814.49190207519,0.125290008612577,38.5249039183768,1.53945429632233,59.3073288525502,"anova",0.0279549115277113,0.27434096815786,0.12389984029211,"tweedie",4083.45698194627,0.127627353163829,0.0863519557281267,1.52994113501494,0.13211340915745,0,1.5,"quantile_regression",2865.51139100072,0.363771515481827,65.005069297632,-27.6504728148071,149.877239962249,71.4106559668537,"wilcoxon",0.0944258283051413
"lm",2807.70792272935,0.00438652027869028,37.877032995255,2.88208563271565,109.164852605521,"anova",0.00974735003969054,0.367254289343562,0.140712563748711,"tweedie",4310.07828410942,0.00510583396020639,0.0963000638957772,2.83186784406996,0.272709054328334,0,1.5,"quantile_regression",2852.6893432317,0.01263182953654,170.929449602357,102.398926682344,275.988295047956,67.9122399749733,"wilcoxon",0.00300236381105397
"lm",2811.9814899983,0.035808321223252,38.283877593618,2.11352144079357,80.9137961308282,"anova",0.00475630441919999,0.348303700745948,0.121980571061242,"tweedie",4086.40151110105,0.0386344458157705,0.0898152066629352,2.08192815374827,0.186988807386284,0,1.5,"quantile_regression",2855.62720855627,0.00807841133150511,163.953902789692,78.1735657366737,233.414423505904,61.2719391447394,"wilcoxon",0.0251321172491966
"lm",2789.04347029284,0.000641898929450487,36.150247958593,3.4685782005221,125.389962012644,"anova",0.00058719099579596,0.432888246232402,0.12389793429508,"tweedie",4069.68846517145,0.000784502055109258,0.0945954478315615,3.41100339085611,0.322665393313008,0,1.5,"quantile_regression",2819.19870938639,0.00026896088817896,177.121291716265,140.471114876402,276.711208675782,47.7384978180752,"wilcoxon",0.000673918576341879
"lm",2802.66120349283,5.06133679801954e-05,37.4021481800438,4.14370705434701,154.98354526138,"anova",7.06967558765006e-05,0.539644843407421,0.132924202104587,"tweedie",4142.25629366019,7.414428779069e-05,0.0955943358301884,4.04773199814462,0.386940251981236,0,1.5,"quantile_regression",2842.51758190777,0.000241905203606896,231.988934200707,133.141380411194,360.083170235702,62.0477873057378,"wilcoxon",5.68584419684736e-05
"lm",2836.24852076089,0.000718975863432326,40.6783672486186,3.4361253963077,139.77597078331,"anova",9.91054294446971e-05,0.514147817339513,0.129389953661568,"tweedie",4328.23475574828,0.000976007849530328,0.0958794141757597,3.34746198748513,0.320952694335698,0,1.5,"quantile_regression",2888.64495062032,0.00323873213062242,236.000524625619,113.879441128407,346.871708722359,79.1823753562001,"wilcoxon",0.000286499382944644
"lm",2793.89981806977,0.425280353037799,36.5918185005442,0.798943745976086,29.2348045449019,"anova",0.115711171931508,0.189975308479338,0.12024024057019,"tweedie",4017.23643850874,0.426776851123382,0.0889751390950716,0.796359587250664,0.0708562050453216,0,1.5,"quantile_regression",2854.31617178305,0.823411003256261,16.4035149066081,-86.8948204460905,190.765660264937,73.4082552215995,"wilcoxon",0.335087582195709
"lm",2809.22163065416,0.0286821503165883,38.020641463002,2.20392616727388,83.7946866168484,"anova",0.009415375498126,0.337427017293833,0.128680394455594,"tweedie",4167.89532222958,0.0299641644355165,0.0942924046575245,2.18632613133101,0.206153948288784,0,1.5,"quantile_regression",2851.22050841942,0.050358009728388,107.774617528872,9.69257940690496,190.495993902768,54.7380706180968,"wilcoxon",0.0186847356965692
"lm",2796.77283933133,0.0153260749223976,36.855587314722,2.44581338822041,90.1418888850735,"anova",0.00240642314614382,0.410944860009978,0.133664115993298,"tweedie",4237.78180045646,0.0169815617245227,0.0987163857279425,2.40745918536015,0.237655669566291,0,1.5,"quantile_regression",2840.55516078649,0.0465060889100655,129.540633434379,12.3341791483299,249.308767754064,64.6628707642572,"wilcoxon",0.00685907816201646
"lm",2782.21334207097,7.71859936255291e-05,35.5382111198924,4.03752590878541,143.486448148452,"anova",0.000209285537482925,0.439817451775191,0.116423750110544,"tweedie",3921.78439713822,8.63100330965586e-05,0.089823479137182,4.00906112267522,0.360107818112305,0,1.5,"quantile_regression",2822.89788567423,0.00950753511916047,159.202971471565,100.911903315344,273.107977334822,60.7930076798951,"wilcoxon",0.000115991994857739
"lm",2814.81903912743,0.876398661770679,38.5564241146647,0.155737418273583,6.0046779494792,"anova",0.35841985952386,0.126536019245842,0.137461057976226,"tweedie",4309.58841425896,0.876463146631379,0.0974504774891527,0.155655504625826,0.0151687032496017,0,1.5,"quantile_regression",2849.73126025235,0.933960098374392,4.79176168441597,-61.6865510100126,74.679729699514,57.7537190759425,"wilcoxon",0.751684602915419
"lm",2783.61102536535,0.00013582365217346,35.6626062345289,3.89194373146563,138.796856782202,"anova",1.1990177733787e-05,0.532992848846643,0.118659984072706,"tweedie",3968.32470950409,0.000200440586120521,0.0909520593625903,3.78925430180791,0.344640482197984,0,1.5,"quantile_regression",2824.60003494774,0.00275072089850315,178.300992780209,126.917629217245,277.009784721807,58.7982215487245,"wilcoxon",7.1352973235694e-05
"lm",2805.27477197779,0.0433868033029279,37.6473309997596,2.03300582342028,76.5372431587422,"anova",0.0317360934975026,0.258429563076879,0.119474928295034,"tweedie",4013.78861461692,0.0438902613012102,0.0877337095218133,2.02809472993208,0.177932273918582,0,1.5,"quantile_regression",2855.81885426303,0.147896647925322,98.587211551511,-7.9819664389139,193.645686799801,67.8659340269285,"wilcoxon",0.0444642886278633
"lm",2783.45581675548,0.00121421169868458,35.6487710600305,3.2829964640099,117.034789336379,"anova",0.000359469143392931,0.440880875928406,0.121420594960361,"tweedie",3929.49093270669,0.00141893539618286,0.0866314279550768,3.23640262382145,0.280374180739209,0,1.5,"quantile_regression",2826.70781479685,0.00808762717447165,160.605630528855,105.937999782469,243.33894079985,60.0295311715581,"wilcoxon",0.00133016329787617
"lm",2808.61991309677,0.0104567344170625,37.9634902411171,2.58499401335178,98.1353949992266,"anova",0.00489107685064087,0.360924550942598,0.126811622698366,"tweedie",4211.950104748,0.0114635123863402,0.0961789608783673,2.55204888213446,0.245453409594492,0,1.5,"quantile_regression",2853.98460026837,0.0220798096383308,156.634480927707,74.648211313776,244.463384853514,67.8905368226876,"wilcoxon",0.00618484345052133
"lm",2808.56816231822,0.00223363357911455,37.9585789583862,3.09769362766089,117.584048154456,"anova",0.00609507352609451,0.354160726370746,0.127743724208566,"tweedie",4070.73879098763,0.00240824184957071,0.0846439758026196,3.07422285233403,0.260214444724822,0,1.5,"quantile_regression",2852.15147989776,0.00337371825863642,174.813469208954,99.5675663904908,264.344560818622,58.9119216479475,"wilcoxon",0.00281690177412831
"lm",2814.77597696954,0.00284639438531254,38.5522735310272,3.02160174219606,116.489616866971,"anova",0.000122843645170147,0.522877150236007,0.133451145062813,"tweedie",4276.16972852056,0.00379686602462595,0.098175787764077,2.92921766918021,0.28757825220422,0,1.5,"quantile_regression",2841.81012164468,0.000157547705657679,203.674830215682,160.168460037052,270.666292903584,52.8608519822396,"wilcoxon",0.00055289022335078
"lm",2791.36076815347,0.00485633990583797,36.3602829939777,2.84851044341066,103.572645833713,"anova",0.000153281013267457,0.529289316581661,0.137112381952617,"tweedie",4028.8248210152,0.00579270067341043,0.0860045966131724,2.78960659390545,0.239918989818284,0,1.5,"quantile_regression",2842.13355793124,0.0451370971247056,124.782069748881,33.4771051697969,242.661058375611,61.891712605007,"wilcoxon",0.00338041434503075
"lm",2814.91343540724,0.0114043745602076,38.5655241458814,2.55391102431648,98.49291727471,"anova",0.00506708097707477,0.364701440382411,0.12866955194582,"tweedie",4224.28836882945,0.0124708555479648,0.0953249194157931,2.52158044135107,0.240369452372231,0,1.5,"quantile_regression",2863.83561900673,0.156821606042674,98.653984644803,12.5015749398055,243.699569509862,69.4142833149235,"wilcoxon",0.00532502090543988
"lm",2793.70050882387,2.21566479777142e-05,36.5735903228484,4.34589086710011,158.944832161128,"anova",2.63403851092586e-05,0.504197766413786,0.117142407734685,"tweedie",3961.73976363442,3.25983523418183e-05,0.0890367015608268,4.25227818795604,0.378608823974655,0,1.5,"quantile_regression",2839.09609740553,0.000298929474013887,228.321022522172,136.307802945467,354.374547369122,62.0178187945892,"wilcoxon",2.40646636248686e-05
"lm",2789.34964120602,0.00339627089047399,36.1779289372023,2.96522872448287,107.275834076892,"anova",0.00034511844684597,0.459315079294908,0.126108276516928,"tweedie",4090.29182908852,0.00414305288686608,0.0979929787764501,2.90079891539698,0.284257926551246,0,1.5,"quantile_regression",2818.47172805157,0.0117901279504973,139.761730427685,72.9513934502524,238.238882417161,54.9828175085179,"wilcoxon",0.000848564461515369
"lm",2806.88909065798,0.0073564600223621,37.7995749802256,2.7082269164816,102.369826393012,"anova",0.0020261941315634,0.379945956983412,0.121470463203887,"tweedie",4013.7704635209,0.0083994724801028,0.0853889253309428,2.66226936419238,0.22732831994988,0,1.5,"quantile_regression",2856.18456115907,0.0106696599722731,167.733176958692,65.6251604875915,282.319128626144,65.0684335197255,"wilcoxon",0.00557088105186335
"lm",2797.93722313822,0.00138543846520862,36.96302874033,3.24357994776547,119.892538830813,"anova",0.000600474923846187,0.412108434642826,0.118165200240209,"tweedie",3952.19966040301,0.00172817403307049,0.0855559241813454,3.17669815617078,0.271785346596367,0,1.5,"quantile_regression",2844.18507663589,0.00267197043634404,174.754440490834,86.166825740551,305.778299676137,57.4549518273513,"wilcoxon",0.00131890242325023
"lm",2820.76833702905,0.0350398496744913,39.134169068039,2.12248194924088,83.0615674454535,"anova",0.00305936193425167,0.415577570019177,0.138587276697777,"tweedie",4439.20211459117,0.0380186948010739,0.101842615947491,2.08863863046593,0.212712421895635,0,1.5,"quantile_regression",2856.43582738455,0.00157300994288589,180.951234419322,89.1824585443016,242.739228589656,56.4538940201418,"wilcoxon",0.0100498260177464
"lm",2813.00891516947,0.00161944661135681,38.3823385397768,3.19647018656118,122.688000832895,"anova",0.000589357192888485,0.464863709751804,0.133089486115339,"tweedie",4245.18885974272,0.00189381536241649,0.0951174635382684,3.14868768884673,0.299495186437274,0,1.5,"quantile_regression",2858.80109035163,0.0353347429551549,137.104460240033,51.1179130496556,232.385658587685,64.7017130704857,"wilcoxon",0.00128564547600698
"lm",2801.23355956644,0.115388178248407,37.2688937471439,1.58137596167701,58.9361326900279,"anova",0.040664489164899,0.24421120207243,0.118524127586434,"tweedie",3933.5334676457,0.118227735955982,0.0847173562637451,1.56907255617811,0.132927678745406,0,1.5,"quantile_regression",2842.46804281682,0.0458757654155055,121.577030138545,9.97530825386978,197.495373508664,60.5107106764363,"wilcoxon",0.0829918476337188
"lm",2811.16037129146,0.0523556580702642,38.2053691819377,1.95193869911607,74.5745386202407,"anova",0.0315654552443908,0.276425524272125,0.127665265310996,"tweedie",4250.09464790532,0.0529987571925649,0.0989460253938866,1.94658967056564,0.192607310975265,0,1.5,"quantile_regression",2857.8725980082,0.724274206547535,22.12294284466,-24.4562476897595,193.98749497217,62.6262505488943,"wilcoxon",0.0426837828946604
"lm",2777.85831835605,0.000369651425139354,35.1533854469206,3.62332424938676,127.372113937867,"anova",0.000448253307754612,0.400516814107797,0.112194431435032,"tweedie",3818.51501705346,0.000409751523835052,0.0867337271085475,3.59483214960131,0.311793190664553,0,1.5,"quantile_regression",2809.97259622028,0.0021422062409564,159.793463922396,98.4355699660398,231.139425309856,51.3695070886939,"wilcoxon",0.000568108725912894
"lm",2788.05473287637,0.327004976704591,36.0610005499217,0.982596941717765,35.4334288556357,"anova",0.543225921190896,0.0786818346350446,0.12919949985043,"tweedie",4000.79869225097,0.327466728231011,0.0897498072794138,0.981657179756858,0.0881035426976308,0,1.5,"quantile_regression",2832.73334950669,0.35279007675113,55.294016503988,-10.1225681118996,164.453943091131,59.3676897903113,"wilcoxon",0.320594187237039
"lm",2774.91156567206,0.0186112822274408,34.8953661802468,2.37280584480795,82.7999288292032,"anova",0.00503761613236147,0.293560216185705,0.103499531349323,"tweedie",3718.90595434471,0.0195286213263002,0.0839143042946576,2.35446142260199,0.197572992266255,0,1.5,"quantile_regression",2815.32452911182,0.0382499581904092,123.916374364038,40.0561209899536,207.949912672958,59.4007624539835,"wilcoxon",0.0147981988304219
"lm",2809.4672311798,0.020506500300479,38.0439933551356,2.3357234076859,88.8602458014369,"anova",0.00875535321081362,0.348051590553778,0.131451197301837,"tweedie",4260.20521990592,0.0222191815006084,0.0970752742569569,2.30471902673491,0.223731231605518,0,1.5,"quantile_regression",2850.71984071617,0.0417382807531841,130.290578793589,39.2920493995533,202.413066924212,63.5739399554754,"wilcoxon",0.0170341753795971
